# Array shape: (10, 21, 2)
# Slice 0
-0.1902936739955251 0.37892995035852195
-0.1683140577993614 0.2870275791624112
-0.2509060448933894 0.2899470899470905
0.17358255832420302 0.3420621931260231
0.13682084218969068 0.33368756641870423
0.17166099195242268 0.32572614107883885
0.060280232680577646 0.3367556468172485
0.17925897819133133 0.31573604060913674
0.0687711242685763 0.3340184994861254
0.2038135743282459 0.3350730688935273
0.4109647062932257 0.34117647058823525
0.08911951394697239 0.49450549450549447
0.4374000049795324 -0.03703703703703705
-0.03231957020620906 0.2941176470588236
0.023298572030453366 0.2602739726027398
-0.0068764516804134986 0.05263157894736842
-0.15523266201395872 0.35416666666666674
-0.04362274125598229 0.6410256410256412
-0.39208014088769794 0.6818181818181819
-0.05237013876312055 0.6818181818181818
-0.7029335815214547 1.0
# Slice 1
-0.08296860281726615 0.27301092043681824
-0.0976833340397307 0.27072927072927144
-0.04776107851384 0.23216080402010025
-0.13605557416213543 0.21995012468827932
-0.21526402002128558 0.26326326326326366
0.005864509804578095 0.24315952503871918
-0.08833559594780775 0.2659520163348647
0.004577804187062231 0.242115971515768
0.4931230143138951 0.3173652694610778
0.1660089800201806 0.2573454913880446
-0.09214884159758668 0.21076233183856513
-0.0426993849634512 0.33990147783251207
-0.010544851459994169 -0.09090909090909094
-0.4114712896822572 0.18947368421052616
-0.08269092208030969 0.1941747572815534
-0.17568709854994038 0.28078817733990136
-0.22562931773842315 0.3125000000000001
-0.26109110437847405 0.5449735449735444
-0.4234809500184852 0.7089552238805966
-0.634152932336235 0.826086956521739
-0.818737641776224 0.9285714285714285
# Slice 2
-0.1727398426001254 0.21703437660338648
-0.2813060918688084 0.16453100973859525
-0.31042734154226087 0.1955366631243356
-0.05058931321497144 0.21603331598125977
-0.20075014084503595 0.18545454545454532
-0.13853999088731178 0.21784232365145212
0.0921244234024327 0.22438524590163936
-0.0716593987049614 0.20466058763931125
0.2259967809970406 0.11684587813620072
-0.24398213505960567 0.22295581513458593
-0.06118682004105851 0.10606060606060608
0.060693009035501747 0.2909090909090909
-0.1339008076867672 0.2878787878787878
0.12782574573072258 1.3877787807814457e-17
-0.07236432585920838 -0.22580645161290322
-0.11683711484179062 0.2307692307692307
-0.617196782723082 0.4324324324324324
-0.3421400494466448 0.4615384615384615
-0.5591501265450505 0.5822784810126582
-0.7508674730887798 0.923076923076923
-0.822197766798419 1.0
# Slice 3
-0.1731155026082797 0.15466101694915274
-0.2503985961615659 0.14909478168264093
-0.260276495080781 0.1477806788511752
-0.10913168504111184 0.1485564304461942
-0.06932932772233419 0.17475221700573812
-0.1272018096656441 0.15755627009646309
-0.10442261973208196 0.15607524148449384
-0.11740246788494133 0.14661274014155729
0.11241043362812315 0.16820987654320968
0.042631426647119976 0.13936927772126173
0.1973903856107296 -0.016949152542372847
-0.1960726330038038 0.14925373134328354
-0.27907544983314275 -0.15447154471544713
-0.5515251358434522 0.16239316239316237
-0.6321146191211773 0.09090909090909097
-0.26081610561529267 0.18604651162790692
-0.22639839520444577 0.13978494623655915
-0.01155524339045055 0.42168674698795167
-0.6878080815742376 0.48
-0.35895551072103776 1.0
-0.6036963036963037 1.0
# Slice 4
-0.2625603516374511 0.09680741503604527
-0.2213949881977361 0.061267980820458194
-0.23618817962865754 0.09318063508589274
-0.041496610861950736 0.07987220447284367
-0.12657933127339183 0.11261730969760149
-0.23779790553853536 0.1044619422572178
-0.09266576052762254 0.06385169927909368
0.06365510454802935 0.09212557900154392
-0.021317684811543437 0.12785145888594174
-0.15370809754910073 0.13066111400312377
0.0038652184083550895 0.12121212121212122
0.11085472218091061 -0.125
-0.2335286899756631 0.08641975308641979
0.08280995242343152 -0.04347826086956521
-0.456378339500319 0.05555555555555557
-0.13664574977022856 0.049180327868852444
-0.08280262478816666 0.29545454545454536
-0.4501120861927955 0.39024390243902435
-0.37081372631720805 0.7999999999999998
-0.48526897077652287 0.6333333333333333
-0.7766146134567188 0.8999999999999999
# Slice 5
-0.36266075715735374 0.0532150776053215
-0.221044742006807 0.06131078224101469
-0.384515077116555 0.10684647302904562
-0.19133241343418836 0.10706860706860719
-0.19754179238078315 0.06720160481444341
-0.04527580806059982 0.09156378600823037
-0.271518078652953 0.07667560321715812
-0.006026631604587753 0.06644518272425234
-0.014948448968108142 0.05869565217391303
-0.0558295116361337 0.06939590614078883
-0.10757955468863162 -0.07865168539325844
0.10917740237444162 -0.1764705882352941
-0.11732210577489612 0.08163265306122446
-0.3902037337691431 0.01149425287356319
-0.14871169922162583 0.13207547169811323
-0.26888979939870905 0.20879120879120874
-0.5853803725404008 0.2542372881355932
-0.22408245661172455 0.3018867924528302
-0.49233839102260163 0.5714285714285715
-0.9359375000000001 0.9047619047619047
-0.3241494888553712 0.9090909090909091
# Slice 6
-0.3161676994182789 -0.030086690464048965
-0.28462126092259155 -0.011316872427983557
-0.2814332611169481 -0.03142709943328183
-0.3654420891344264 -2.0274580625478933e-17
-0.2432707184057658 -0.044057377049180266
-0.1445923992406255 -0.006944444444444434
-0.3491477452445746 -0.04720194647201937
-0.21995089533071352 -0.04263959390862942
-0.13001388958130197 -0.004990019960079844
0.48314611582029504 -0.20689655172413784
0.23501393080199875 -0.36363636363636354
-0.6247424881690393 0.004878048780487795
-0.13463639338008107 -0.012820512820512827
-0.31605121289760485 -0.027027027027027015
-0.15521644835466963 -0.03409090909090906
-0.43855127276781725 -0.13989637305699482
-0.33104761571145425 0.09803921568627448
-0.45742228555043735 0.47674418604651164
-0.4346080802418518 0.5988023952095807
-0.48291850112812373 0.8503401360544217
-0.7354060689814816 0.9565217391304347
# Slice 7
-0.32971762187253423 -0.11708058793715169
-0.38493017781864736 -0.0917431192660549
-0.384361161945451 -0.15668662674650705
-0.37659150667382035 -0.14971209213051834
-0.23976773576361085 -0.13842975206611552
-0.4073973056754372 -0.12815437902028665
-0.18752876608943786 -0.08413001912045892
-0.17633546591535496 -0.09200000000000001
-0.26415338582865566 -0.14368482039397448
0.08954102737884653 -0.11688311688311694
0.036848469713164 -0.05882352941176468
-0.297209662933268 -0.0932203389830509
-0.02154348636038184 -0.3076923076923077
-0.1869115278934143 -0.0604651162790698
-0.3591553354555136 -0.1067961165048543
-0.32824149317260337 -0.11458333333333337
-0.5174749285413983 0.12499999999999994
-0.6528366508740123 0.2941176470588235
-0.6341592235901604 0.5129870129870129
-0.5385656787341112 0.7987012987012988
-0.8911730916001104 1.0
# Slice 8
-0.4838495876332334 -0.20358387257341934
-0.3972092891920015 -0.2209631728045323
-0.48660518483433207 -0.18756073858114677
-0.4147861147010956 -0.21126760563380276
-0.37900865862762306 -0.19353258206761378
-0.406429585201589 -0.20098039215686267
-0.3739180244090352 -0.20876930742401592
-0.4135532986169731 -0.20404234841193492
-0.09852509373021545 -0.24742268041237125
-0.14010508167453156 -0.18435754189944142
-0.11136988210479236 -0.3499999999999999
-0.4893900978884762 -0.1504424778761063
-0.14232298008625857 -0.3333333333333332
-0.12557320061611102 -0.1899641577060932
-0.38067467905038743 -0.20504731861198747
-0.4356981989627557 -0.3398058252427184
-0.3726617939962648 -0.0888888888888889
-0.44103657867208435 0.2740213523131672
-0.6091545466302654 0.5901639344262295
-0.5834725541928241 0.7840909090909094
-0.7277329924952988 0.9565217391304347
# Slice 9
-0.5091608173272362 -0.2947976878612715
-0.5686299817002649 -0.24891251812469795
-0.5062498921844931 -0.2751403777437467
-0.5026537611910292 -0.26871401151631474
-0.3644806032977718 -0.2779097387173399
-0.4645159136520516 -0.2884801548886739
-0.2355587908426516 -0.30285714285714277
-0.34613671536020196 -0.27230483271375505
-0.3757415063282071 -0.2648034107058264
-0.10344294925627853 -0.3177570093457941
-0.45483498632707775 -0.28571428571428575
-0.06726666135116677 -0.37777777777777777
-0.1683690905504489 -0.43478260869565216
-0.2247312743253719 -0.41666666666666663
-0.31214985475829415 -0.3913043478260869
-0.4029505373689628 -0.331288343558282
-0.5148267718422889 -0.16621983914209115
-0.4347918741326495 0.18584070796460164
-0.6175977180116302 0.5135135135135138
-0.6276707185975241 0.7971698113207544
-0.7404767846826671 0.9058823529411764
