# Array shape: (10, 21, 2)
# Slice 0
-0.1604597736790963 0.30612244897959145
-0.13726792627005568 0.32182741116751307
-0.039573898715153856 0.2891877909984479
0.02332338801300009 0.32545544066962034
0.028218891791556722 0.2728226652675766
0.10986989487332968 0.3661417322834646
0.1272255046846369 0.33477946493130867
0.18508049742575303 0.33079847908745197
0.21364880132532438 0.32178547634910093
0.17719605582565742 0.2971627675460429
0.26365696993804166 0.4705882352941176
0.1599132920979805 0.26666666666666655
0.20472308090554686 0.13043478260869565
-0.04570238382615611 0.3285714285714286
-0.20734139327929907 0.18965517241379312
0.024741315741862505 0.3831775700934579
-0.22859079368273982 0.44444444444444436
-0.22559162010205186 0.6885245901639343
-0.5278714662768068 0.8518518518518517
-0.4794861263896578 0.8333333333333333
-0.9333333333333332 0.8749999999999999
# Slice 1
-0.18044752055164778 0.27487179487179453
-0.21141183117236054 0.22823286965481718
-0.11638093158273427 0.2815327301756248
-0.1247848969191286 0.2493354598617755
-0.08229938129469777 0.2520721599219889
-0.05292472294805375 0.2659176029962542
-0.07530725289215127 0.22054380664652545
0.1672460518905772 0.3069207622868605
0.08714423020778456 0.2846715328467158
0.17961844171191899 0.2366831411312467
0.09359539545595007 0.22480620155038766
-0.1742661514398127 0.2203389830508476
-0.44673902201387894 0.27777777777777773
-0.0964022289778251 0.26315789473684204
-0.18190381322020138 0.2577319587628867
-0.057557839326083514 0.37704918032786877
-0.5429252967290945 0.2153846153846154
-0.15761859413623275 0.41666666666666646
-0.8574989771937377 0.7017543859649124
-1.0 0.3636363636363636
-0.5462532299741603 0.8
# Slice 2
-0.2580811756838858 0.19321685508735859
-0.12557746528613553 0.22835443037974687
-0.1483193652896434 0.2151777137367914
-0.17004292705889176 0.16786226685796235
-0.1036810758758093 0.19979402677651895
0.008920939163370565 0.19116909182137495
0.07302881138985455 0.09980430528375725
0.18570140384105643 0.1952595936794584
-0.06727768313953651 0.18815855494229816
0.20638349636838035 0.21476510067114093
0.16678364217708672 0.21323529411764705
-0.04011818460532662 0.0983606557377049
-0.16277725607392757 0.19819819819819823
-0.24337483811081997 0.1825396825396825
-0.006804633362429796 0.2393162393162395
-0.22927292210192102 0.2837209302325581
-0.5175478727829106 0.34567901234567877
-0.5793059651156734 0.39759036144578325
-0.7908701591649202 0.689922480620155
-0.7930095079628561 0.8920863309352517
-0.8355057841686006 1.0
# Slice 3
-0.21952282656021213 0.11494252873563203
-0.18233558508345385 0.17894736842105285
-0.28377036958081103 0.20083682008368198
-0.12964290731694725 0.159737417943107
-0.06768946609897497 0.15602094240837674
-0.1530269166161566 0.12296296296296304
-0.05930096223214975 0.15169964485032966
0.017778814776197388 0.1735278791037
0.05293077803380746 0.15973292244478712
0.03393074908897797 0.12771739130434803
0.25208234186070344 -0.24137931034482762
-0.00398411667306451 0.14062499999999997
-0.25656093859343426 0.17543859649122803
-0.10108738027353523 -0.368421052631579
0.017096397538908202 0.03797468354430378
-0.1742438838553124 0.10112359550561793
-0.29600396182791067 0.2976190476190475
-0.7562815598388601 0.5094339622641509
-0.37957593734765804 0.8039215686274509
-0.558915514705818 0.8125
-0.915989705049668 1.0
# Slice 4
-0.3024978860303408 0.09825997952917093
-0.23359091404459492 0.1471375066880686
-0.2673421142648594 0.13475177304964542
-0.10742450681130661 0.11428571428571427
-0.2090067970616029 0.08559919436052361
-0.02018483361713955 0.10505394662123771
-0.15077329782763307 0.10518053375196217
-0.050427676866808255 0.14210526315789454
0.03515549955561236 0.1071012805587892
-0.12033134755351502 0.09296353364149977
0.13366750110672615 0.1881188118811882
0.07444213898855884 0.17894736842105263
0.02902864452841093 0.10810810810810809
-0.10536304817286501 0.2112676056338028
-0.07751402836974622 0.2207792207792208
-0.21735427970159846 0.14754098360655737
-0.3366573796681566 0.14545454545454548
-0.33433506791415285 0.21276595744680854
-0.4233162305538402 0.7894736842105261
-0.6875075072756764 0.75
-0.8240988676706388 0.625
# Slice 5
-0.30744828960851045 0.06659729448491168
-0.3867645151204872 0.05991285403050102
-0.27761466083358316 0.052959501557632405
-0.2874186319088427 0.07187499999999995
-0.2004815940662827 0.07354555433589449
-0.13748755928948153 0.06918865107018424
-0.32362152934940264 0.103521878335112
-0.08104262384099264 0.07995735607675906
-0.04923274886487606 0.08454227113556799
0.015401015336914797 0.06646216768916155
-0.04513054830867049 -0.5999999999999999
0.010534830920834667 -0.2941176470588235
-0.45876533526654856 0.011764705882352958
-0.34539660790028964 0.11111111111111113
-0.1282049965768508 -0.391304347826087
-0.3196113570048143 0.1914893617021277
-0.4791032886798612 -0.12499999999999997
-0.6552317868383806 0.5405405405405406
-0.52046783625731 0.7714285714285714
-0.6118683837171232 0.7000000000000001
-0.613769696969697 0.9473684210526314
# Slice 6
-0.3653786810314311 -0.042761463163317956
-0.23446475842414954 -0.016025641025641024
-0.36532130162039966 -0.014799154334038061
-0.23951745422128257 0.021567596002104138
-0.28600239502632724 -0.06417112299465244
-0.25207936409719006 -0.03497212366953884
-0.11178491183610098 -0.016255899318301036
-0.14158113774329176 -0.026407573492775328
-0.10101206784337027 -0.051744885679903665
-0.0538366250032099 0.0005830903790087627
-0.23235962257756884 -0.034482758620689655
-0.13878975431651422 0.0810810810810811
-0.18933102775463853 0.04761904761904762
-0.3885829034373917 -0.04761904761904762
-0.28778584129262896 -0.04761904761904766
-0.1559074013835856 8.673617379884035e-18
-0.5458337740642849 0.03333333333333331
-0.6716706764004632 0.28301886792452835
-0.5275603831525819 0.568627450980392
-0.49064975837734653 0.9062499999999999
-0.5574868337668171 0.8571428571428572
# Slice 7
-0.4063388228890919 -0.115919629057187
-0.43881341968279636 -0.14689550731953568
-0.40261572341162516 -0.13086913086913124
-0.3670328497786809 -0.1258883248730966
-0.22755792900378663 -0.09940891993551822
-0.29882394349555746 -0.12519978689397973
-0.3613973471696494 -0.08538350217076689
-0.21267058594337207 -0.09706840390879505
-0.0783640601199325 -0.1342592592592593
-0.18913524005832463 -0.10025188916876569
-0.10629750069986998 -0.04564315352697092
-0.19950182526049895 -0.10526315789473686
-0.13300170053592184 -0.07563025210084034
-0.166310176773573 -0.37931034482758624
-0.25393393607875603 -0.393939393939394
-0.4506354476029442 -0.09009009009009013
-0.22381884553057746 0.08988764044943817
-0.5656644733763151 0.3789473684210528
-0.7106896066079155 0.6206896551724135
-0.35103729287835245 0.7941176470588235
-0.6475651924220006 0.9714285714285714
# Slice 8
-0.4581914137868974 -0.16006176016469367
-0.4801516428121672 -0.19656392117230895
-0.37076082277696676 -0.23020450970110107
-0.42131053404646884 -0.2207792207792207
-0.4279522888775458 -0.24230387288977154
-0.35360506563149546 -0.22872340425531937
-0.3880826033365835 -0.26440329218106984
-0.2828152578242495 -0.1992187499999996
-0.29526952186504585 -0.20044792833146705
-0.42695827617070936 -0.22597402597402605
0.009598516132188558 -0.3
-0.07489800343276623 -0.16129032258064518
-0.12364686294638956 -0.2592592592592593
-0.32943344333504176 -0.5789473684210527
-0.4215937162264405 -0.24137931034482765
-0.40107541977496847 -0.33333333333333326
-0.3194874943866779 -0.0449438202247191
-0.8152763427995967 0.10294117647058824
-0.6014073032567799 0.6438356164383563
-0.4157678197195501 0.868421052631579
-0.4824852095483937 0.8787878787878787
# Slice 9
-0.44315194411228165 -0.30899182561307914
-0.49699614676153847 -0.31095962244362907
-0.45952222076226196 -0.26974358974358975
-0.4916197052613572 -0.2647943831494485
-0.41519629285523035 -0.3151790216843167
-0.4485632033744937 -0.2834224598930484
-0.3581192728108095 -0.28804815133275996
-0.3259914033030756 -0.2831723436705644
-0.2934264888729003 -0.2757201646090531
-0.25813816087048796 -0.25206611570247944
-0.4399890186418956 -0.3290322580645161
-0.17287037813963343 -0.23728813559322037
-0.22137472436947447 -0.37142857142857133
-0.2889439911613958 -0.52
-0.40965901537858085 -0.5
-0.3598840978531246 -0.3809523809523808
-0.5544042521721845 -0.16666666666666669
-0.31989997987623797 0.2033898305084746
-0.5692688713455331 0.3888888888888888
-0.6059943783232183 0.7555555555555554
-0.6902122838263895 0.8571428571428572
