# Array shape: (10, 21, 2)
# Slice 0
-0.14994514172618592 0.36000000000000004
-0.15910828065535046 0.29828214471629316
-0.06652140792281766 0.3395931142410016
0.01990296091690959 0.3766508188061265
-0.06677774065183043 0.2825396825396827
-0.0882037120197593 0.2890052356020938
-0.050443692327258274 0.31416169289202356
-0.1251441783545566 0.358509566968782
0.1807294965520214 0.2802236198462615
0.20562971354415246 0.2781580584940878
0.07375104841496996 0.36986301369863
0.2507975622548023 0.3605442176870747
0.001177892296001664 0.19658119658119663
0.017851131944035224 0.22950819672131154
0.15017681498754754 0.22522522522522515
-0.28681652702488475 0.36538461538461536
-0.19051243824303543 0.3725490196078431
-0.4658738038871825 0.7249999999999999
-0.3051365880570864 0.5822784810126582
-0.27543805975715524 0.8260869565217391
-0.35583710407239816 0.8888888888888888
# Slice 1
-0.13559257462212995 0.25622406639004164
-0.1537874773611726 0.2776934749620631
-0.12294064631414879 0.23804780876494017
-0.07832126949305923 0.27659574468085135
-0.25419371122049367 0.2535353535353536
-0.15305146460913385 0.2552135054617674
0.43099796416528435 0.28947368421052616
-0.10691503095224103 0.26169154228855734
-0.06711046916783273 0.29319627998042036
0.22642013353915513 0.26545454545454533
-0.15876187086177088 0.24210526315789468
0.2594630572459795 0.28301886792452835
0.2668340465927591 0.07692307692307694
-0.058819616986956404 0.08148148148148152
-0.06186652945139158 0.15294117647058822
-0.1450166106701045 0.21621621621621617
-0.1314330191134372 0.3669064748201439
-0.6467519085448076 0.47435897435897434
-0.6527321624370491 0.6923076923076922
-0.7712587315784991 0.7758620689655172
-0.5970512357688248 0.9473684210526314
# Slice 2
-0.11266006992429761 0.1897172236503858
-0.3198351334572085 0.2260000000000003
-0.16944975695969877 0.17571569595261566
-0.14323058633169236 0.2242063492063491
0.029297603062700364 0.1997956055186507
-0.07016455276541425 0.2069632495164411
0.16716834964249422 0.20064377682403436
-0.10604211158855976 0.16838487972508598
0.28431998671597697 0.24025974025974023
0.13594135504962582 0.1922141119221412
0.04910933212302393 0.2941176470588234
0.2298035877881275 0.0
0.21982055025990616 2.7755575615628914e-17
-0.13114937658744955 0.1868131868131869
-0.2185231326629324 0.25773195876288646
-0.5185602660864996 0.18888888888888875
-0.4292518503072177 0.3172413793103448
-0.38152729506809835 0.49404761904761896
-0.4488401753548084 0.64968152866242
-0.847192606339001 0.7714285714285714
-0.6569039493208414 1.0
# Slice 3
-0.2564706529151094 0.1182008368200838
-0.2455909733982097 0.1559917355371901
0.019461286851691132 0.1461162411732755
-0.17743010997217648 0.14718162839248464
-0.030284090197535137 0.12875536480686695
-0.17842252826116417 0.09022957821676449
-0.022861606062750308 0.1473972602739728
-0.0903235601428087 0.16641375821952462
0.09484977715179134 0.2023429179978705
0.021775048037084077 0.13996806812134105
-0.21632534026129738 0.1515151515151515
0.25203689095630777 -0.29999999999999993
-0.05531303699458414 0.0684931506849315
-0.499315590462948 0.2258064516129031
-0.3281767256138895 0.4339622641509434
-0.4461034771589573 0.19444444444444448
0.081813194126858 0.2432432432432433
-0.6417096003406324 0.46875
-0.7201428571428571 0.6666666666666665
-0.2427992163998349 0.8823529411764705
-0.7775 0.8888888888888888
# Slice 4
-0.10184079200876563 0.13002114164904846
-0.3148215489594656 0.10613333333333337
-0.23979369436146664 0.11857292759706199
-0.04997606192533604 0.1221575885774725
-0.31607245712511106 0.09687665431445218
-0.24369713212718797 0.130299896587384
-0.2598241951438884 0.1387711864406779
-0.03646139006262236 0.10414560161779574
0.05531678650989247 0.1441957313899009
-0.005806520828062602 0.1113402061855669
0.05949049574531682 -0.21428571428571425
0.13019559599957545 0.22891566265060245
-0.32208199076619626 0.029702970297029695
-0.2937131683253287 0.24050632911392408
-0.15143048483477012 -0.09999999999999996
0.08111396978873638 0.33333333333333337
-0.5770117374304353 0.14754098360655737
-0.37862609334348046 0.3488372093023254
-0.33738643829587606 0.5749999999999998
-1.0 1.0
-0.6547259856169172 0.9090909090909091
# Slice 5
-0.3286139931355108 0.0959036144578314
-0.19991986620532337 0.08250497017892632
-0.11495624370096433 0.048044692737430145
-0.1582229564730483 0.06365071015255132
-0.24305968213278895 0.0916455696202532
-0.21646740300791348 0.08350515463917535
0.037591853038233994 0.038770053475935776
-0.2001002726708325 0.08029925187032422
0.07816128763079876 -0.08988764044943816
0.0030595973706252742 0.047156052503646094
0.09859708919468296 0.11764705882352935
-0.15462665492261532 0.10924369747899168
-0.14760019951035513 0.1196581196581196
-0.2849325309538118 0.06542056074766353
-0.2663604056185245 0.10924369747899161
-0.35710198320586245 0.08133971291866031
-0.24741501478878797 0.06586826347305386
-0.28310695644640255 0.46258503401360523
-0.22310373411421128 0.6216216216216213
-0.6091375095927218 0.8235294117647057
-0.7334693877551021 0.9374999999999999
# Slice 6
-0.4063810082026884 -0.024139702105803826
-0.33023231449593093 -0.04742478327383984
-0.3111128878403674 -0.06317411402157168
-0.27234487861134854 -0.010869565217391313
-0.24771867831334995 -0.027860696517412954
-0.07915625580318524 -0.03658536585365851
-0.11654408699933656 -0.022091310751104605
-0.14459263002038616 -0.003383276945384246
-0.16116555845702846 -0.03502713369511593
0.42385878259146276 -0.08433734939759034
-0.09819345186007743 0.044334975369458116
0.003777258760366527 -0.07272727272727275
-0.15010441298001684 0.022624434389140233
0.13084226210695982 -0.05454545454545456
-0.15639865008688755 -0.06249999999999998
-0.3683903131543235 0.0718232044198895
-0.5469017446619829 0.12087912087912091
-0.42622800838190317 0.39333333333333337
-0.6255959866432721 0.6526946107784432
-0.5512333916027362 0.7607361963190186
-0.5266187756383836 0.9655172413793104
# Slice 7
-0.3964259637324746 -0.09503695881731793
-0.46591166991550137 -0.15579514824797833
-0.49845397375696265 -0.1091101694915254
-0.2114909396084424 -0.09121245828698568
-0.5611130230744689 -0.10362173038229389
-0.33163200145097693 -0.10548086866597728
-0.5415504476700791 -0.12352639671963093
-0.3151794187790017 -0.16027325275880203
-0.1646891634502818 -0.1285333333333333
0.13105832794268196 -0.11752360965372508
0.009539581315854778 -0.19999999999999996
-0.31759192480541204 -0.05454545454545458
-0.689737655906021 -0.0769230769230769
-0.5185352747293056 -0.391304347826087
0.14328319348676363 -0.6
-0.3447402040053336 -0.08333333333333334
-0.384011116747253 5.757629822646831e-17
-0.12276945688624369 0.3913043478260869
0.004492753623188378 0.7307692307692306
-0.5968051820833565 0.8275862068965517
-0.6565508322317244 0.9166666666666666
# Slice 8
-0.43370298970181403 -0.20350109409190353
-0.5758418042469443 -0.16986855409504528
-0.3168662121593182 -0.19622454048683569
-0.6529077658473162 -0.20580611715914998
-0.5041941577599403 -0.18230958230958266
-0.31313680033711333 -0.19955654101995582
-0.4014958833298686 -0.21943573667711583
-0.49328832561112274 -0.19666145018257727
-0.47379939119578685 -0.17171717171717168
-0.3116438475906219 -0.2012320328542099
-0.1221092618172099 -0.6842105263157895
-0.4480216158283465 -0.23711340206185566
-0.2961930888557315 -0.041095890410958895
-0.48726154889188633 -0.40298507462686567
-0.19611622892012542 -0.33333333333333337
-0.28957410779984455 -0.05660377358490559
-0.3983643386768386 -0.09090909090909093
-0.49496209721691065 0.18918918918918912
-0.5619925428485824 0.5
-0.5713953742568293 0.8095238095238094
-0.5847014405055236 1.0
# Slice 9
-0.4132164486068004 -0.2582710779082178
-0.5714822415228779 -0.2940029254022426
-0.3606004596995023 -0.2759999999999993
-0.5111475807206177 -0.3119533527696795
-0.3796952331107232 -0.2785894206549115
-0.40285138737136567 -0.292246520874752
-0.4132135351237261 -0.2919954904171367
-0.5611568086349136 -0.32697807435653004
-0.06044569537123367 -0.30481283422459876
0.21329674900876605 -0.3404255319148935
0.27565017635029226 -0.625
-0.28008812196695654 -0.23588039867109625
-0.3335216466757641 -0.49999999999999994
-0.6175101305645248 -0.3555555555555555
-0.48576566912241137 -0.35766423357664245
-0.5028519050837068 -0.22676579925650542
-0.41157600048144943 -0.06593406593406595
-0.5846436848979185 0.17391304347826084
-0.5449760886215255 0.5669642857142859
-0.7377687229669412 0.6708074534161492
-0.7008722477508739 0.8823529411764703
