# Array shape: (10, 21, 2)
# Slice 0
-0.2452483210653569 0.29665809768637597
-0.09160854943278902 0.32102118413905495
-0.08149310591390489 0.3638785295684595
-0.046918837821938314 0.2922444786851572
0.04780537951566358 0.3050672182006206
0.0470721404488473 0.32429614181438987
0.030900144170732172 0.26155462184873896
0.11818159099833236 0.3231240428790197
0.13602187747908862 0.2901921132457024
0.21338050503074932 0.33164300202839747
0.20938533891754602 0.5999999999999998
0.07226443982710119 0.37313432835820903
-0.05519794048316846 0.3012048192771084
-0.2211276805816437 0.41025641025641013
0.13240007398842546 0.09523809523809518
-0.16906455868776987 0.3953488372093023
-0.234595424266723 0.6216216216216215
-0.30682219241197006 -0.33333333333333337
-0.3977206165354225 1.0
-0.6666666666666666 0.7692307692307693
-0.6269190295092238 1.0
# Slice 1
-0.14656916381246185 0.26281705342687506
-0.08375728325181345 0.24802527646129566
-0.18578162139223492 0.22923238696109347
-0.05284316896074971 0.30456598093326703
0.011617993806778845 0.26898734177215183
0.11584926302423816 0.22580645161290314
0.0442791463366188 0.274509803921568
0.13638320075604252 0.26146341463414613
0.2069035397900228 0.2798758406621833
0.24368798617934176 0.282051282051282
0.3440622750249743 0.32432432432432445
0.08588168691736492 0.19047619047619052
0.1590418948954617 0.3333333333333334
-0.3104988205684059 0.45454545454545464
-0.25810157486255214 0.2698412698412699
-0.6313309811587421 0.26829268292682923
-0.27294764474828576 0.3695652173913043
-0.3583720184242425 0.43589743589743585
-0.6090620490620491 0.7500000000000001
-1.0 0.9583333333333333
-0.7072 1.0
# Slice 2
-0.2043045665915265 0.2225230102869517
-0.2600314296243414 0.17647058823529416
-0.11692935646949379 0.22696155871511325
-0.09000059272377224 0.17552657973921781
0.006370450060064159 0.15356585111920892
-0.08156597921935452 0.18916102136529442
0.04335418054901373 0.20085015940488868
0.1105026601392962 0.20223577235772364
0.11970178059192205 0.2211740041928725
0.14230268772856025 0.17169373549884004
0.18284823002354883 1.3877787807814457e-17
-0.09265642201348127 0.2783505154639176
-0.10134149334282952 0.38775510204081626
-0.17564328751893873 -0.055555555555555546
0.2564487193759483 0.3939393939393941
-0.48307898131962396 0.1692307692307692
-0.23824116429784967 0.2647058823529411
-0.008536905729776868 0.40740740740740744
-0.5825003962995536 0.75
-0.7144979172025628 0.8333333333333335
-0.022150332021743886 1.0
# Slice 3
-0.20214365647679053 0.14469772051536153
-0.21637554342302218 0.15745998967475477
-0.21547159850026376 0.10629921259842522
-0.14258647949770048 0.1698701298701297
-0.17500987168130674 0.13995943204868166
-0.04322360158393983 0.16459472899055222
-0.046574881945609256 0.14666666666666622
0.021178663831489294 0.17490118577075095
0.042496162787736706 0.14361986118526407
0.18226335455443635 0.11501597444089463
0.18403226479636534 0.10526315789473685
0.07073337341571893 -0.2
0.1417025339539733 -0.19999999999999996
0.041942931880529576 0.13953488372093018
-0.17332502444641695 0.15606936416184963
-0.25553173133166535 0.2839506172839505
-0.17593018567714386 0.26543209876543217
-0.4120177778874541 0.43030303030303024
0.003350632841459422 0.6143790849673197
-0.48240818930029733 0.8444444444444446
-0.6713933754351666 0.9166666666666665
# Slice 4
-0.31734314656357837 0.10742971887550196
-0.2782322519713528 0.08588648920140625
-0.14354446904084153 0.16320474777448063
-0.17297120913961067 0.07944643772424395
-0.06891244533245852 0.11254711900915469
-0.05469639793546267 0.09496626881162437
0.005034531904461234 0.08414074451810302
0.07037789833504349 0.10082644628099162
0.09684523490791187 0.12843578210894552
0.15689521993112102 0.11718750000000001
0.1865052296724966 0.2850241545893718
0.06099893573924561 0.23893805309734514
0.025473468316269086 -0.40740740740740733
-0.11552071365604938 0.05472636815920395
-0.19032485976679087 0.11111111111111105
-0.31369844913279 0.12568306010928962
-0.4736403246871114 0.3118279569892473
-0.6288012487889476 0.2551724137931035
-0.30255316326098636 0.6535947712418297
-0.5727126834953001 0.8270676691729327
-0.5192223568184181 0.9545454545454545
# Slice 5
-0.28419205595356506 0.033206831119544575
-0.17557679336588627 0.0986055776892432
-0.2544735747253207 0.08234075608493001
-0.21674711918729647 0.04356636271529887
-0.16906366121676403 0.08244422890397661
-0.1561728278696503 0.07458432304037996
-0.07926858740414812 0.09268747088961328
-0.06364408159689564 0.08062930186824016
0.055055829538423744 -0.09638554216867469
0.16174541914167379 0.011627906976744172
0.16624869263341024 0.1069767441860465
0.08688287119490226 0.01123595505617979
-0.1083912686324038 0.10086455331412102
-0.10952658643412327 -0.15151515151515155
-0.21960505878763847 0.015197568389057755
-0.34676419545992415 0.12499999999999986
-0.23175005612968586 0.20448179271708675
-0.5461537289663065 0.43613707165109017
-0.24583246948697116 0.5565217391304353
-0.4589637404230899 0.8333333333333333
-0.572241130784391 0.8688524590163934
# Slice 6
-0.3773325627690249 -0.019088016967126198
-0.33154039465536145 0.01204819277108437
-0.28010376631967426 -0.04936386768447839
-0.26117600624127696 -0.040206185567010354
-0.24414691422179235 -0.06269270298047273
-0.19582066113021904 0.0010245901639344345
-0.24559558458566752 0.004188481675392676
-0.13267846619120094 -0.05669599217986304
-0.051566371222701635 -0.033351558228540204
0.09199004285278228 -0.0190023752969121
0.0653759568501183 0.0303030303030304
-0.09155145635731743 -0.2727272727272727
-0.1540316689754632 0.05202312138728323
-0.41100709755653464 -0.006289308176100658
-0.46105191790560573 0.0896551724137931
-0.2543545985995568 -0.2195121951219512
-0.733160949999497 0.126984126984127
-0.3346839923812304 0.4435483870967742
-0.7183511699824455 0.6788990825688072
-0.8345260569485127 0.7623762376237624
-1.0 1.0
# Slice 7
-0.43140348771533144 -0.1292322365283738
-0.3941990074055774 -0.12112676056338027
-0.33549866916962 -0.15332690453230488
-0.3561458693074024 -0.1573754316724226
-0.28883117809681447 -0.11142587346553334
-0.303579766544688 -0.13482056256062114
-0.2856886816288874 -0.1429937828790054
-0.14293397952692874 -0.17894736842105244
-0.0770965155341443 -0.16022099447513802
0.047758429213349995 -0.10327455919395481
0.03500882678321835 -0.3714285714285715
-0.16943167685705363 -0.09898989898989895
-0.1756186990474039 -0.07517084282460132
-0.26616751599816574 -0.0805084745762712
-0.16790118510066698 -0.16228070175438608
-0.4327673007271147 -0.06756756756756753
-0.35655437523961786 -0.0386473429951691
-0.5426748560435027 0.4330900243309003
-0.5873028869466511 0.6953405017921147
-0.4280135061348964 0.8205128205128205
-0.8711851202210061 0.9473684210526316
# Slice 8
-0.4059695603239099 -0.18715596330275236
-0.45900156423072885 -0.18573413617415463
-0.40479445509998246 -0.16283524904214547
-0.4194751361934406 -0.22547332185886343
-0.3843504701370996 -0.20324470482199178
-0.29950126548561373 -0.301775147928994
-0.2637880793166832 -0.2647058823529414
-0.21456439904413968 -0.2195121951219511
-0.22642941483456117 -0.19631410256410203
-0.07196371932207479 -0.2083333333333334
0.0021401346475354638 -0.42857142857142855
-0.027504139472248012 -0.22580645161290333
-0.10057997200888359 -0.20430107526881722
-0.25171076878104903 -0.2366197183098592
-0.37288552290480514 -0.1768202080237743
-0.3260720835092433 -0.2808219178082191
-0.39768155474677 -0.060606060606060615
-0.4649173248269363 0.28375286041189934
-0.5084139403092767 0.5741324921135642
-0.47265526248724277 0.7636363636363634
-0.486486682885814 0.9338235294117646
# Slice 9
-0.5180120069289238 -0.30247779336138425
-0.4608898962716873 -0.3251231527093601
-0.4087693684477444 -0.3007125890736349
-0.45548802480802064 -0.2928334124347414
-0.38013779320690555 -0.3015284854099115
-0.38211233973193 -0.32934682612695515
-0.3165920175291145 -0.4782608695652175
-0.25573174042190855 -0.2988929889298892
-0.26705630243646183 -0.2470588235294112
-0.1246705119874831 -0.30386740331491713
-0.05473506935226223 -0.2758620689655173
-0.11133536653731138 -0.1830985915492958
-0.2751078407486933 -0.25565217391304335
-0.24360376947726928 -0.19460500963391125
-0.27296464703007844 -0.46153846153846156
-0.3000269533735706 -0.41379310344827586
-0.38047275348211057 -0.05376344086021505
-0.35583463151963635 0.26913580246913565
-0.6838108557271644 0.5077881619937695
-0.4105538332358919 0.777777777777778
-0.7039843167712301 0.9057971014492748
