# Array shape: (10, 21, 2)
# Slice 0
-0.12499412553974273 0.2803437164339422
-0.12232850367446249 0.30385015608740873
-0.11416263490790289 0.32370251471375117
-0.0947983785349912 0.3659767794043415
-0.027312671705348405 0.344058121432278
-0.009194166017623951 0.32167461579226286
0.11230360690988246 0.3259493670886076
0.14652012763728897 0.3217034376603386
0.028006669084946187 0.31691985332634837
0.24036390007823485 0.3280085197018111
-0.16432400666457278 0.25274725274725274
0.3057296270493044 0.14285714285714285
0.05465000716799138 0.20481927710843367
0.0004235616305059992 0.2894736842105262
-0.12705828857288234 0.19999999999999996
-0.05511144957495775 0.48000000000000004
-0.3953029095910322 0.24390243902439027
-0.08319735819735824 0.4583333333333333
-0.3515702940571851 0.7083333333333334
-0.3293710458647258 0.8461538461538461
-0.23508721823540799 0.8888888888888888
# Slice 1
-0.16950586983092134 0.26695371367061355
-0.017697799898812285 0.22965266977708665
-0.03431964581710968 0.22978723404255297
-0.14032695642523219 0.23729701414353058
-0.09771911806197729 0.24479804161566715
-0.06441891438541934 0.2536687631027245
0.09875879603401494 0.26692836113837054
0.07966454951293926 0.2517911975435004
0.14841590068685462 0.25257731958762886
0.22668143072595895 0.270474137931035
0.47987260406269566 0.342857142857143
0.06103543520379996 0.1272727272727273
-0.04039723269046473 0.14563106796116504
-0.09066344301479934 0.28205128205128216
0.12112998698610442 0.4583333333333334
-0.179340366829521 0.1290322580645161
-0.011857519337337034 0.38461538461538447
-0.4863547613863206 0.4999999999999999
-0.4505903725118565 0.7799999999999999
-0.6563920318054557 0.6969696969696971
-0.01968325047118327 1.0
# Slice 2
-0.2943531590923145 0.1855345911949685
-0.22196723147782257 0.1883905013192613
-0.11051620163617724 0.19373368146214068
-0.11292864581738313 0.1902490726020139
-0.028383790386698467 0.17754172989377812
-0.032645908784642776 0.17866129843985898
0.036156699951276974 0.21123829344432882
0.10669093346424743 0.22911327524346517
0.1467647498965605 0.18251624335499092
0.1237257767889667 0.22981366459627325
0.18751530015756274 -2.7755575615628914e-17
0.03607597375793254 0.23893805309734512
0.060879873853024256 -0.1052631578947368
-0.4284374143518803 0.38636363636363635
-0.16850844331536863 0.14285714285714282
-0.2854235169513826 0.3866666666666668
-0.7290063996259619 0.2982456140350878
-0.23449821819024308 0.5961538461538461
-0.49227893258897076 0.7173913043478262
-0.760454464126159 0.75
-0.8571428571428571 0.7142857142857143
# Slice 3
-0.2285917217240607 0.14959016393442634
-0.30549427138213575 0.13186249358645444
-0.22590975998216747 0.1682668014148561
-0.1792425200030531 0.13494809688581325
-0.10634319144465486 0.13599182004089977
-0.11674612757127466 0.13655030800821358
-0.03134983429185305 0.15227159261108342
0.0032079943430799282 0.18974358974358946
0.1021826009400085 0.1471622300351582
0.2930679499876374 0.045822102425876
0.014423694189831112 0.11827956989247315
-0.06255105733784805 0.19999999999999998
0.1640563859923823 0.04545454545454546
-0.20074440929906678 0.15942028985507234
-0.4112782426305316 0.12941176470588237
-0.14476078773525802 0.02608695652173913
-0.6306502729255307 0.24691358024691346
-0.4299538284105031 0.5202702702702703
-0.19965131182600018 0.6384615384615387
-0.5189448120057757 0.8048780487804875
-0.7683394701184977 0.8333333333333333
# Slice 4
-0.24200574161813265 0.07572614107883824
-0.24275598261698525 0.11297950604308986
-0.213689576164478 0.11271975180972078
-0.17078566941311263 0.13559322033898308
-0.08711710999757816 0.16002126528442312
-0.17952757046276432 0.13818006740491073
-0.019855191165365015 0.11200401808136608
-0.1683408124894827 0.07443037974683549
0.06628839634923701 0.11711711711711718
0.1491692345290306 -0.07142857142857144
0.20818542253145755 0.0163934426229508
0.03729948450313014 0.06730769230769233
0.006888761358687798 0.08571428571428572
0.09151645963716065 0.22105263157894744
-0.3535481474108306 0.054347826086956486
-0.13829270181820005 0.005464480874316924
-0.3423718085610954 0.31491712707182357
-0.3581077198359803 0.4675324675324674
-0.5848240215714562 0.5973154362416104
-0.3850667502797176 0.6842105263157894
-0.9210759943181818 1.0
# Slice 5
-0.2550773907186838 0.04824120603015069
-0.3192119113685488 0.08278976417461126
-0.2377472822835106 0.08084696823869114
-0.13491046392867392 0.08151305274373993
-0.09933886823141169 0.10482691370063373
-0.0999028343878016 0.049147442326980914
-0.10164803090376065 0.06277805239742952
0.018414100954870394 0.09911361804995984
0.17239511903684623 0.05031446540880504
0.09297394610278832 0.10323762981062903
-0.11982926695730739 0.20149253731343275
-0.10878393348110259 0.021897810218978114
0.022119896337831207 0.11851851851851852
-0.005991553423182857 0.009433962264150959
-0.040292211226683486 0.034220532319391636
-0.3335132425758328 0.03643724696356285
-0.4278851251175764 0.13306451612903228
-0.4695803777571112 0.427906976744186
-0.5375041311097222 0.575
-0.5124859044817145 0.7428571428571427
-0.5334060439751039 0.9473684210526314
# Slice 6
-0.34677024397272177 -0.04267963263101025
-0.3497730132112972 -0.048884165781083976
-0.27521615188351223 0.0152711953659821
-0.25975290370679005 -0.0010626992561105387
-0.16077155658663486 -0.036217303822937766
-0.2762576324307806 -0.044489383215369105
-0.2248145408232991 -0.025185185185185137
-0.03533819699251412 0.020592667001506845
-0.12297759286967422 -0.08876474239602743
-0.07172420809316421 -0.044689495066743946
0.008116685271406814 -0.15789473684210534
-0.15817155049900417 -0.008130081300813014
-0.02559553358124454 -0.07692307692307694
-0.276399181126211 -0.05454545454545454
-0.02176153713112147 0.014492753623188406
-0.44334087875399897 6.938893903907228e-18
-0.2898918574554865 0.18072289156626503
-0.6687161193156804 0.5151515151515149
-0.5222153134034285 0.4444444444444446
-0.39427464493199976 0.8529411764705882
-0.7481008775456464 1.0
# Slice 7
-0.4314249493427114 -0.12578616352201274
-0.35251883702260006 -0.07390180878552964
-0.3561729551865289 -0.1229946524064172
-0.284036106075675 -0.11449579831932777
-0.27801738570244033 -0.08987012987012971
-0.2185018185790156 -0.09730848861283645
-0.29534055847640883 -0.12570548999486925
-0.42057261520944217 -0.09882232462877609
-0.15084013923456918 -0.0844854070660522
-0.20987722553058277 -0.14635444385311344
-0.22398176660883437 0.03448275862068966
-0.15748345067956193 -1.3877787807814457e-17
-0.15022703187290865 -0.3
-0.2856379078859081 -0.07246376811594203
-0.6003161274356532 -0.016949152542372843
-0.6497286816967671 -0.36666666666666675
-0.21426823695514463 0.06451612903225806
-0.4171402394014921 0.28571428571428564
-0.321287217939797 0.5142857142857143
-0.6467800600663526 0.8
-0.46717948717948715 0.8571428571428572
# Slice 8
-0.49719200696531274 -0.22032085561497353
-0.4846653371483606 -0.21272365805169005
-0.45220985405790787 -0.2432179607109445
-0.3783179852193506 -0.20639398213446183
-0.28571206929455406 -0.2026897214217099
-0.3738384716154875 -0.2464754496840058
-0.24163935235750728 -0.21714554875176642
-0.32621337133791395 -0.20435193945127744
-0.05376635730032794 -0.26315789473684215
-0.0742023713824485 -0.24418604651162765
0.037772282281196744 -0.18918918918918917
-0.09329299526197142 -0.24675324675324675
-0.08239718574240473 -0.14851485148514854
-0.3655374592692428 -0.14986376021798356
-0.30842809090375256 -0.15340909090909108
-0.4037906300962043 -0.2755417956656345
-0.20470196466384605 -0.10810810810810804
-0.4925593561051656 0.4177631578947368
-0.5855553094413429 0.6069182389937113
-0.37105974111170226 0.7857142857142858
-0.7501998189883834 0.9552238805970151
# Slice 9
-0.5428246822110548 -0.33198380566801666
-0.5554218292811435 -0.30487804878048735
-0.4375850426268544 -0.30324543610547694
-0.45877996281581707 -0.3075459733671529
-0.4194669620624043 -0.27358490566037746
-0.41972011471473053 -0.2964426877470363
-0.4587252389485515 -0.32559560171044594
-0.39573559655032153 -0.30477117818889915
-0.3304803530791044 -0.2937595129375955
-0.32151990600398744 -0.3006198347107431
-0.07621496984499149 -0.5555555555555556
-0.26067145414766973 -0.5172413793103448
-0.442463447296869 -0.2777777777777776
-0.22541732692052807 -0.29729729729729726
-0.31640023851064786 -0.34545454545454557
-0.29263415546324445 -0.4166666666666667
-0.370378882951174 -0.15294117647058833
-0.6095329759294634 0.2666666666666667
-0.6461477307049693 0.5833333333333334
-0.692795310464454 0.7560975609756097
-0.6242367371200715 0.8999999999999999
