# Array shape: (10, 21, 2)
# Slice 0
-0.09068883807373947 0.31360946745562124
-0.17550269274705627 0.3080859774820881
-0.0749133673095671 0.332281808622503
0.03568070049044191 0.3312302839116719
-0.0390234876409967 0.3037783375314866
0.13257540004645932 0.34000000000000064
0.14243677704345065 0.2848484848484856
0.26285968945503246 0.2870220786214322
0.23300851890909313 0.29786124152321386
0.2931703836871383 0.31938775510204126
0.14936746098722622 0.3773584905660377
0.5425202596324176 0.29411764705882354
0.029081627523330638 0.33333333333333326
0.021784819093289262 0.2580645161290322
0.11214419199776851 0.4666666666666668
-0.010477856410891245 0.26984126984126994
-0.6873191872334569 0.4400000000000001
-0.18510919611724164 0.6060606060606061
-0.0331345299676501 0.8529411764705883
-0.3535969844109379 1.0
-0.2914863484100213 1.0
# Slice 1
-0.1584099363122254 0.21790457452041329
-0.07354519189135074 0.25790010193679946
-0.10608572449615979 0.24792531120331945
0.030882596989486574 0.24974093264248734
0.03965821920494994 0.2565552699228791
-0.027835142732870126 0.2604065827686351
0.06433541856363216 0.2704958271968581
0.16232387653140448 0.20634920634920614
0.17006139518514488 0.2536945812807881
0.23018669862495358 0.2680115273775207
0.2906564825362644 0.17647058823529416
-0.012443320792486683 0.21076233183856505
0.020981142583253738 0.37755102040816324
0.015255936237918974 0.2912621359223299
-0.08637813639809544 0.2701421800947865
-0.13793287423684725 0.22842639593908637
-0.47626336065286606 0.31632653061224486
-0.2703296968643611 0.5432098765432097
-0.4674140470532403 0.7129629629629632
-0.14691592867922293 1.0
-0.42327574981409566 0.9230769230769228
# Slice 2
-0.23821343863730873 0.2070815450643777
-0.25276114760038365 0.21487603305785108
-0.21247878272824833 0.20474471376998446
-0.07315811054385042 0.2022821576763487
-0.023399496841480065 0.21123829344432926
-0.15855961538934643 0.20641711229946547
0.0300190915172514 0.21095334685598377
0.07609965499588371 0.2436793975255512
0.07109719225762429 0.1773922775601568
0.13543787213191336 0.19328641039523523
0.2570412211961381 -0.04761904761904762
-0.0456343140675837 0.23076923076923067
-0.11703313793979529 0.11111111111111115
-0.13668139915762287 0.01204819277108432
-0.31778081896804655 0.13846153846153847
-0.021960643025884435 0.1379310344827585
-0.5530647930528058 0.33333333333333337
-0.3018727781141204 0.4230769230769231
-0.49320243840015554 0.7499999999999998
-0.5376940100021137 0.7894736842105262
-0.5119504336271643 0.9166666666666666
# Slice 3
-0.2866307616232246 0.1270600744284957
-0.1865922028559575 0.1714285714285715
-0.17767423057634726 0.10529019003595255
-0.15646630078461163 0.14032342201356243
0.0034344397734071518 0.18186610437532966
-0.09778432768382755 0.14913657770800592
-0.038322418719051815 0.20409157330735503
0.020962389558087116 0.1672671127123001
0.07948633172877934 0.18246687054026478
0.20215369645203587 0.20713162034609348
0.1803913458766246 -0.04761904761904767
0.17268191897317514 0.09523809523809526
0.004437358617365146 0.16455696202531636
-0.008113259520623516 -0.3999999999999999
-0.09896648351539833 0.3243243243243244
-0.17881974024341885 0.3055555555555556
-0.26684818167273544 0.48979591836734704
-0.48240768934990347 0.37037037037037035
-0.8810593300695069 0.7674418604651161
-0.8536767198167987 0.7692307692307692
-0.6550933211468097 1.0
# Slice 4
-0.24898201467899436 0.08242950108459869
-0.3326415989450212 0.11075781664016972
-0.31638636723804525 0.10319539025667887
-0.1876364990680523 0.058635394456289985
-0.1529386083252798 0.11204188481675394
-0.13687659172867217 0.10157068062827233
0.05958907965035363 0.13481953290870474
0.07289056256525296 0.09196006305832895
-0.04816445575673049 0.0965665236051503
0.04105502250947916 0.1312500000000002
0.02254878528914491 0.04504504504504502
0.04399354195542107 -0.03225806451612903
-0.03102372186116278 0.09999999999999999
-0.13042936992605467 0.09375000000000003
-0.30153998865436815 0.12500000000000003
-0.5621664628202632 0.12903225806451613
-0.15909198425313145 0.3095238095238094
-0.5527604509283665 0.14285714285714282
-0.7436 0.6666666666666666
-0.7666666666666666 1.0
-0.5920203802990691 1.0
# Slice 5
-0.19086601492682964 0.062111801242236
-0.2852265442708012 0.08702791461412157
-0.3124974789513582 0.07724645296899633
-0.28286166879510843 0.09276139410187668
-0.06384883663679045 0.031101739588824524
-0.14919467026996497 0.06369756602796484
-0.03006492854809102 0.034192530247238305
-0.05471710514642187 0.09118852459016395
0.019850916306971247 0.09674081738230723
0.04225869327041979 0.07448680351906167
0.10823285848927092 -0.2777777777777778
0.09006962472136736 0.07317073170731708
-0.2438002175193673 0.24999999999999994
0.0973163776587787 0.1739130434782609
-0.30703737166898787 0.1463414634146341
-0.2968209420099657 -2.0816681711721685e-17
-0.31214088240906607 0.04444444444444442
-0.47255089320500016 0.4571428571428571
-0.528295056792547 0.5892857142857144
-0.7344632863176483 0.7435897435897434
-0.601449467435994 0.9090909090909091
# Slice 6
-0.3569094131708243 -0.0436966348568558
-0.31517160227950675 -0.031936127744510934
-0.24219072603655095 -0.017797017797017783
-0.24069443415385397 -0.016475287069395907
-0.15511605322092628 -0.003157894736842097
-0.21614998674578728 -0.017902813299232767
-0.1414257763410041 -0.001915708812260533
-0.11484455405992355 -0.026381284221005472
-0.0395757051929931 -0.0741839762611276
0.12159183744207921 0.04477611940298503
0.02745317611410786 -0.15789473684210525
-0.008923482371872458 -0.0722433460076045
0.020165500772713535 -0.03448275862068967
-0.15073833421850874 -0.04980842911877395
-0.14585633521849106 -0.21212121212121213
-0.14529578039701935 -0.060240963855421686
-0.23528243244756725 0.21825396825396823
-0.33668408793431603 0.45138888888888856
-0.3135354498708381 0.5907335907335911
-0.6181901883331046 0.7450980392156862
-0.583381813150473 0.8309859154929577
# Slice 7
-0.4258959426264087 -0.15175879396984904
-0.4044895349111898 -0.13065015479876152
-0.4388432361671132 -0.1080669710806696
-0.36346552689939066 -0.11697361871577872
-0.2858351233605518 -0.11111111111111104
-0.3465647612112291 -0.09277343750000001
-0.2683190436569262 -0.16522678185745154
-0.27387545768655647 -0.12962050271069506
-0.2467692647360446 -0.1352438411261941
0.031146724727339495 -0.18217054263565893
-0.06325762629837346 -0.23255813953488375
-0.4413307441299037 -0.1610169491525424
-0.33747052173852726 -0.02608695652173909
-0.13295490908693344 -0.6470588235294118
-0.335068280222539 -0.13999999999999996
-0.41134723411496327 -0.15606936416184963
-0.4998059382527009 -7.762400273120937e-18
-0.539960710003365 0.41340782122905023
-0.577318833216779 0.5586206896551723
-0.7077699912753602 0.7734375000000003
-0.9343877369369175 0.9259259259259257
# Slice 8
-0.5268809331256441 -0.18466195761856694
-0.4134010703386721 -0.18037812979049592
-0.4019710946213516 -0.1956521739130437
-0.45884096051736745 -0.22916666666666682
-0.44076174032324533 -0.1717761557177616
-0.28741302894674403 -0.17723414877683444
-0.2751623432226559 -0.23911747167561137
-0.3575502544287885 -0.24987580725285669
-0.15599691245577912 -0.3092783505154639
-0.26090345976899015 -0.210100047641734
-0.06333503675148745 -0.29032258064516125
-0.3016548803520179 -0.25541125541125537
-0.1349218478280779 -0.2876712328767123
-0.20100341232762264 -0.2871287128712871
-0.2574612213516166 -0.19008264462809907
-0.3990799094492008 -0.2700729927007299
-0.4693270345874807 -0.08695652173913039
-0.23963732605828902 0.354651162790698
-0.46010214536887273 0.5690607734806626
-0.5683825356551313 0.8163265306122448
-0.8581750816536537 0.8947368421052629
# Slice 9
-0.55030667438084 -0.3012170385395543
-0.5076455432823034 -0.2709572742022708
-0.5069607648729395 -0.3192367199587414
-0.5543469730158825 -0.2867883995703547
-0.4853164299786698 -0.31586901763224173
-0.37781938895502454 -0.29261521377012717
-0.39245777689077294 -0.26943556975505795
-0.2950273151089644 -0.2882447665056359
-0.386797965864014 -0.3195772521389028
-0.3547815132406737 -0.30930607853684805
-0.23072425867889054 -0.40540540540540543
-0.28943099725400573 -0.2842105263157894
-0.4567624336707909 -0.4814814814814814
-0.6026613843854681 -0.32352941176470595
-0.3687217599412577 -0.46874999999999994
-0.46382282360748645 -0.164179104477612
-0.6118361528708659 -0.11111111111111112
-0.27438833675959085 0.15555555555555556
-0.7195913176735292 -0.08333333333333334
-0.585206858952906 0.5238095238095238
-0.8095139820608594 1.0
