# Array shape: (10, 21, 2)
# Slice 0
-0.11065357567911727 0.3120605732828558
-0.08049383420836288 0.34800838574423465
-0.08170855974947265 0.30987394957983116
0.022264777433079683 0.32442159383033453
0.029270609329086726 0.34649350649350674
0.09341259941778536 0.3079365079365076
0.06527291029826297 0.3153611393692774
0.08089867531274676 0.3117948717948718
0.25320778767966173 0.31775700934579504
0.2512510127341161 0.3329918032786887
0.1496491059161339 0.3523809523809523
0.047837038992812865 0.3406593406593407
-0.004027398810753171 0.25714285714285706
0.04939846970341823 0.07317073170731708
-0.036776760022444184 0.3333333333333334
-0.10558733953069804 0.4499999999999999
-0.33653283811360657 0.24324324324324326
0.011594742063492008 0.7037037037037037
-1.0 0.6666666666666667
-1.0 0.9166666666666666
-1.0 1.0
# Slice 1
-0.233300775694028 0.23423885187083535
-0.13966589349985578 0.2230576441102755
-0.10083757836431952 0.26636225266362257
-0.0992567632093083 0.23423423423423442
-0.05710942283991875 0.26190476190476236
0.027881534489595513 0.29646697388632876
0.014989482868893109 0.2586912065439676
0.10988549885517737 0.22494887525562365
0.1389334124017534 0.25888324873096474
0.2950232789157364 0.21568627450980393
0.19868102719749453 0.3401015228426396
0.06806346576590543 0.23671497584541049
0.15452096008546976 -6.938893903907228e-18
0.0004313584825411283 0.36787564766839376
-0.03763517891246467 0.38983050847457623
-0.18206432958947547 0.1946308724832215
-0.31251893326379326 0.3150684931506851
-0.050511706717531316 0.6397515527950315
-0.36224083297165866 0.7103448275862067
-0.5439718326458707 0.8853503184713375
-0.33493298814770767 1.0
# Slice 2
-0.22936976972132406 0.17764891934633636
-0.2174705675233113 0.16359918200409035
-0.07254377224260697 0.19392033542976914
-0.1628216295281286 0.18324607329842948
-0.0660401370603262 0.21739130434782605
-0.09076869738660637 0.2250530785562627
0.030906226556344348 0.1944886062533124
0.05183433845051808 0.16378030677882244
0.05084217853785372 0.1995776135163675
0.1474521828824837 0.19533231861998948
-0.2741546908335079 0.3164556962025317
-0.16251359251079414 0.2916666666666667
-0.11895295960418763 0.23943661971830985
-0.30585907385478167 0.20588235294117643
-0.13619681552167884 0.37931034482758624
-0.29219380678945467 -0.4285714285714286
-0.3293539241306941 0.186046511627907
-0.5948752711801262 0.3870967741935484
-0.9609053497942387 0.6818181818181819
-0.8146210905746974 1.0
-1.0 1.0
# Slice 3
-0.21400627979168074 0.144028703229113
-0.24273261275988242 0.13087934560327172
-0.20949642833789622 0.18238391574916216
-0.07281132623584441 0.10756972111553798
-0.1372594632720509 0.146987951807229
-0.10075164137043557 0.17202654415518076
-0.07768876310851507 0.15437561455260598
0.0008166700763962097 0.1457925636007826
0.09536036402858829 0.05714285714285717
0.13178105061016018 0.1617336152219876
0.16060207741461296 -0.16129032258064513
0.10949531705400634 0.11242603550295864
-0.041037398556607214 0.16666666666666677
0.04345547321104107 -0.21212121212121213
-0.036896849962430305 -0.08108108108108114
-0.40235858607104996 0.1594202898550723
-0.14977291046045046 0.2727272727272727
-0.3327470416213369 0.4352331606217616
-0.37430879100805015 0.6648351648351649
-0.586017747211968 0.8208955223880594
-0.40143860923199504 0.936170212765957
# Slice 4
-0.3607795718679122 0.11646998460749095
-0.29640981342311995 0.13166144200626945
-0.2179692322435932 0.11438389788905254
-0.17688371951127319 0.0773195876288661
-0.16836339357531874 0.13490813648293948
-0.07331433417895511 0.085201793721973
-0.11372320266394426 0.12696850393700784
-0.04097635961962499 0.1051344743276284
-0.003687120978443581 0.11275964391691395
0.18021445538748893 0.10183299389002023
0.0624381895483789 0.09345794392523367
0.04005174773090644 0.11961722488038272
-0.11763763154980961 0.15639810426540285
-0.012414715173635623 0.046728971962616814
-0.2682448180765329 0.19480519480519476
-0.20599817959039043 0.19402985074626858
-0.5355279219328356 0.3619047619047616
-0.5553440584130167 0.47368421052631576
-0.545703350763735 0.5368421052631578
-0.7217238128033583 0.8554216867469879
-0.5423301486199575 0.875
# Slice 5
-0.3346660918361695 0.08429926238145415
-0.29971313172427 0.051906779661016894
-0.30208571547973734 0.077422847861397
-0.28368321746649283 0.06933744221879809
-0.24450665154393048 0.047362755651237966
-0.17801331873174175 0.055350553505534965
-0.1675903050707089 0.05475810738968639
-0.09580839705096923 0.09896118097320955
-0.11732602833193252 0.04226804123711338
-0.001969241303681154 0.06801275239107328
-0.05100009693904088 -0.1818181818181818
-0.04105436693289405 -0.13333333333333333
-0.2013923994342939 -0.041095890410958937
-0.5131881756894834 0.03225806451612904
-0.1604461701359572 0.03225806451612904
-0.3360992034971188 -0.13793103448275865
-0.7145450938351916 0.05555555555555553
-0.518667579385314 0.4523809523809523
-0.5385416666666667 0.7
-0.7325586786490484 0.8235294117647057
-0.8660055762666431 0.8333333333333334
# Slice 6
-0.39133734765848605 -0.030386740331491687
-0.3623226594155026 -0.017773620205799805
-0.2555447377779882 -0.04726938962826984
-0.23829169825722002 -0.015471167369901553
-0.17667872934668605 0.027633851468048382
-0.11426703347694955 -0.02842151289899432
-0.11175739364507917 -0.19745222929936304
-0.0503508119466543 -0.09482758620689653
0.012932439320389698 -0.15662650602409633
0.07028805826224285 -0.10344827586206896
0.1191177593183812 -0.03157894736842105
0.07159087120635763 0.0208333333333333
-0.09107105487177249 -0.02247191011235956
-0.06144311966448109 -0.3333333333333335
-0.15030103201219147 0.03591160220994476
-0.10074107942055505 -0.01740294511378852
-0.16333670769894398 0.1854493580599146
-0.3752742334697487 0.414285714285714
-0.49758417079023104 0.5948477751756445
-0.5908997668707072 0.7371794871794874
-0.6743302318486283 0.9241379310344824
# Slice 7
-0.3773159095050991 -0.14521612433219988
-0.3984377590570253 -0.12990080302314552
-0.284293016260802 -0.09433962264150934
-0.2501300734802418 -0.105072463768116
-0.2900007012162288 -0.10834132310642373
-0.2605640721733383 -0.11712598425196837
-0.23804497142048872 -0.11973807296538823
-0.1692592072725118 -0.1952941176470589
-0.08579046074164565 -0.20689655172413784
-0.03248241343058272 -0.09714285714285707
0.019004054777067965 -0.10144927536231885
-0.21696142907473243 -0.15599999999999994
-0.08840610324911112 -0.16831683168316833
-0.22122308369404564 -0.1767337807606263
-0.37126605769385324 -0.08928571428571437
-0.22336168459389166 -0.19139784946236563
-0.20697329392743855 0.040084388185654025
-0.5065926541951978 0.3634538152610443
-0.5281668730924978 0.6826923076923077
-0.39168117103938377 0.793296089385475
-0.7555067089720555 0.9655172413793105
# Slice 8
-0.5063572151462286 -0.22309970384995037
-0.4276098468430682 -0.2628516003879727
-0.4792704453345873 -0.18833652007648224
-0.41483867734507635 -0.24394966118102598
-0.40038010936606916 -0.1859005311443745
-0.34860608292814466 -0.21649484536082472
-0.3030366051995466 -0.3333333333333332
-0.2881672209823074 -0.18773234200743522
-0.24249941128137992 -0.23913043478260854
-0.08341349552631348 -0.1333333333333334
-0.17968754878423637 -0.14795918367346925
-0.24986724536566926 -0.1829268292682926
-0.2101482858844243 -0.42857142857142855
-0.23912113578057845 -0.18811881188118812
-0.28310272452692187 -0.3267326732673267
-0.3471875705112644 -0.2122905027932962
-0.4665421098803527 -0.0545977011494253
-0.31096473946134423 0.2193877551020407
-0.23850538010996236 0.6149732620320858
-0.7020188678318848 0.7192118226600989
-0.6287250754042377 0.8913043478260868
# Slice 9
-0.48177186028361535 -0.31912832929782126
-0.5431730845596819 -0.26773888363292414
-0.5054855786947825 -0.2757973733583495
-0.45298859200471653 -0.3015144561725559
-0.4414432229442553 -0.26027397260274016
-0.4112427830487618 -0.270642201834862
-0.3685494409887954 -0.2700661000944285
-0.3241797251117745 -0.34013605442176875
-0.25519145348039635 -0.3388429752066116
-0.1809279219313282 -0.2783919597989954
-0.1292533916126463 -0.5294117647058825
-0.1988156766432387 -0.23076923076923073
-0.2120226091659443 -0.41025641025641013
-0.35716894590195614 -0.36244541484716153
-0.2910273717153845 -0.4257425742574258
-0.3665783800405834 -0.5500000000000002
-0.48493737199722714 -0.16763005780346835
-0.4845991358730987 0.20131291028446405
-0.4673317000407069 0.43188405797101487
-0.593708576888251 0.7205240174672489
-0.8611139387076855 0.9391891891891891
