# Array shape: (10, 21, 2)
# Slice 0
-0.17397752308461176 0.3319713993871296
0.13357260158989837 0.33515582285401924
0.07115528536492696 0.338444687842278
-0.07523724080072758 0.34497816593886405
-0.02119182292219597 0.30797290255341353
0.21562880028730347 0.32276809297411463
0.1995342684390753 0.29313057157839556
0.2624295404636096 0.3296883542919631
-0.036729519519475326 0.2897291773122132
0.19752973007952745 0.3401860009789528
0.39330619773810616 0.15
-0.07566965141729548 0.1219512195121952
-0.0967712585389617 0.30232558139534893
-0.06991753627124944 0.5000000000000001
-0.47305691058111404 0.17142857142857146
-0.23075037585836086 0.22580645161290322
-0.6000604411516001 0.4799999999999999
-0.6516647497112656 0.6326530612244897
-0.6903414570495915 0.68
-0.7632174189025569 0.8181818181818182
-1.0 1.0
# Slice 1
-0.1518857707487924 0.2724442138038401
-0.03034433529281761 0.2672233820459288
-0.17956105739724365 0.24675324675324684
-0.17544666030064057 0.2847011144883485
0.07331957425171123 0.2547452547452542
0.06669522657418456 0.284761416110826
-0.034005546133248035 0.24691966485953667
-0.10645875892795291 0.25852123754588296
0.5768567155404561 0.22480620155038755
0.15736144883720254 0.23903818953323924
0.0993470960641498 0.27638190954773856
0.2361751422330064 0.2982456140350876
0.09847677928571798 0.23853211009174316
0.18918524709780965 0.26373626373626397
-0.0789018743520352 0.32926829268292673
-0.1367255950727208 0.1757575757575757
0.040006899089919126 0.4485294117647059
-0.5517738194322999 0.38271604938271586
-0.39534900305282056 0.6854838709677417
-0.7384580187600092 0.9166666666666665
-0.9638540434399595 1.0
# Slice 2
-0.09889769696629916 0.19978914074855048
-0.26873899873008544 0.24922440537745616
-0.31071589680166983 0.17691074291822514
0.05413324902145036 0.21170212765957472
-0.1917439870195152 0.24597207303974222
-0.11807935641997234 0.24065769805680093
-0.30662388505729576 0.197049525816649
0.08637957225973651 0.22590515043345266
0.1191677644242973 0.20465890183028293
-0.008574175465794039 0.24326970141948115
-0.5800035151533336 0.16666666666666666
0.22498554571570406 0.33333333333333354
-0.020923948213028783 0.1914893617021277
-0.3173355202239276 0.2380952380952382
-0.7879200671873198 0.32
-0.13347952354903198 0.3962264150943396
-0.3579899935711949 0.09615384615384617
-0.38481261894305374 0.5945945945945945
-0.5726233145587983 0.49999999999999994
-0.41282938076416337 0.7894736842105263
-0.6796066252587992 1.0
# Slice 3
0.045758803881671244 0.14002968827313184
-0.062074810182399465 0.1893551688843397
-0.005275424408052561 0.14242728184553652
0.018761189646421053 0.17777777777777773
-0.13690151383354798 0.15672003881610833
0.09137033996609634 0.16334661354581675
-0.2238147931679542 0.18159806295399544
0.24630067542241277 0.09967845659163992
-0.05636248015612433 0.13594581519109833
0.2514464259273313 0.10452418096723878
0.4459478351807818 0.047619047619047616
0.024960068859301656 0.19642857142857142
0.23179909255699863 0.025641025641025602
0.06584625922181508 0.14482758620689656
-0.36047130339507494 0.08843537414965984
-0.044144317901353015 0.0763888888888888
-0.21704125203254654 0.2988929889298893
-0.5842858692938198 0.49224806201550375
-0.36747671009343597 0.6258064516129033
-0.7141871248857822 0.7777777777777775
-0.39710280664783176 0.9722222222222221
# Slice 4
-0.2328489621523297 0.11584158415841582
-0.47246528138530697 0.06265919510952629
-0.2806525307413655 0.07605921388463513
-0.3621139086713773 0.09888947646747738
-0.5353417656645524 0.12810327706057598
0.13475288589862042 -0.011363636363636378
0.02156663910015014 0.08794102159031059
-0.03933027213490464 0.08488612836438923
-0.07977414699576604 0.09633251833740823
0.011141534243581646 0.08673469387755102
-0.21720505253545408 0.009433962264150903
-0.4037024268389843 0.08629441624365479
-0.16544319132238292 -0.025125628140703495
0.12222335227552192 -0.11111111111111112
0.040775887060111524 0.18518518518518517
-0.24043636520416517 0.1329479768786128
-0.4041286556783307 0.21666666666666667
-0.4777113214171056 0.5799999999999998
-0.34094856680507934 0.6341463414634145
-0.5307446538278693 0.75
-0.5636299072557398 0.9583333333333331
# Slice 5
-0.3196389942872525 0.11591962905718711
-0.21816288648994556 0.05358948432760366
-0.30292582978514365 0.0708898944193063
-0.14585683483313042 0.06820566631689394
-0.4200138416148533 0.08554277138569281
-0.3146869220580784 0.0286288297338021
-0.08909820512262101 0.0749874182184197
-0.08453034468202761 0.05715681485100145
0.024424794797003747 0.06558210472801228
0.13798734407647706 0.05333333333333333
0.19452632292556005 -0.08571428571428572
-0.1893030147072738 0.0481283422459893
0.06667330157560812 0.06951871657754011
-0.245826989033335 0.07619047619047609
0.00016742118231104566 0.08982035928143714
-0.38665708462469184 0.06145251396648043
-0.3271747257632958 0.1927710843373494
-0.1691131017906745 0.43274853801169594
-0.18653609819257352 0.6410256410256413
-0.17762130796639486 0.8055555555555555
-0.964305006975903 0.9166666666666665
# Slice 6
-0.4471207930543451 -0.031185031185031138
-0.3268990804476549 -0.06900212314225064
-0.6584197201862162 -0.04278606965174124
-0.31279034070861467 -0.031578947368421054
-0.4155809508668671 -0.0004997501249375227
-0.07461140621728281 -0.05331179321486263
-0.4558559071940215 -0.03480040941658128
-0.07313986504396507 -0.0689655172413793
-0.06876488344228104 -0.0024189646831156396
0.21256849867188857 -0.030612244897959173
-0.3190989245262872 -0.14141414141414146
-0.5099249110827591 -0.024875621890547265
-0.9018349053105917 0.031249999999999986
-0.27077648145193933 -0.1243781094527363
-0.011378050569554076 -0.25714285714285706
-0.10785948514054389 -0.07692307692307691
-0.4334034276235215 0.13440860215053768
-0.3143143002057443 0.4935064935064936
-0.5675769288658999 0.6804733727810649
-0.08605458890237484 0.7862595419847327
-1.0 1.0
# Slice 7
-0.45931641390717826 -0.14388860237235634
-0.14348161479803556 -0.09320175438596479
-0.5875546354402849 -0.14271151885830766
-0.4435969188839726 -0.1266874350986501
-0.406598751791884 -0.13787281935846923
-0.3167402181751011 -0.1572641038442337
-0.2733510542851838 -0.09932397295891825
-0.18453957575387997 -0.10916580844490209
-0.2975536644802234 -0.11200807265388504
-0.19828835787731605 -0.10240963855421681
-0.05294860039804021 -0.5789473684210525
-0.22388855296283408 -0.15231788079470202
-0.5949871106019147 -0.1327433628318584
-0.17762077996601347 -0.07964601769911506
-0.23054379166024846 0.010309278350515453
-0.17078605721321002 -0.3333333333333333
-0.5972517212712691 0.04
-0.6123398457947381 0.360655737704918
-0.7524272406441633 0.6612903225806449
-0.8161445735894519 0.8947368421052632
-0.7907373017258811 0.9090909090909091
# Slice 8
-0.3693649598549733 -0.22150962012826822
-0.43287553256424205 -0.18973326623049824
-0.3773540866160944 -0.2406483790523687
-0.5750904436370282 -0.1982160555004955
-0.2718377602731138 -0.18749999999999992
-0.234132631381302 -0.17326732673267303
-0.3176646136980868 -0.19170984455958545
-0.019466734010616316 -0.25423728813559315
-0.06752657007125788 -0.2413793103448276
-0.36841365701770545 -0.16945323090826883
0.15777073455068005 -0.012658227848101269
-0.1544071266668018 -0.18380062305295966
-0.13498671998894263 -0.4473684210526316
-0.3323903325132372 -0.14040114613180513
-0.6760947477517569 -0.24561403508771937
-0.3507838192345077 -0.14191419141914197
-0.45525226988705253 0.029761904761904767
-0.5360831856965806 0.16896551724137926
-0.58944347749463 0.4894736842105261
-0.6251782559115497 0.7868852459016392
-0.7323678334332192 0.9318181818181814
# Slice 9
-0.41404155408875176 -0.3070478068013806
-0.46701322954395613 -0.32352941176470584
-0.5193346437432772 -0.31829328102010795
-0.4283856481103677 -0.28673323823109864
-0.5093416729394622 -0.2874999999999996
-0.3413914609707185 -0.32072727272727225
-0.33751270078488926 -0.3017077798861471
-0.14336540446291782 -0.3294117647058823
-0.3555509794771901 -0.30692076228686077
-0.14193246642830742 -0.28337468982630304
-0.07560375946020609 -0.5555555555555555
0.00829517103934151 -0.3548387096774195
-0.0022374225725725417 -0.4084507042253521
-0.1564674263141771 -0.3953488372093024
-0.4908008591288886 -0.28387096774193554
-0.4126828648556124 -0.305785123966942
-0.2586174519969228 -0.1562500000000001
-0.42771353074777757 0.19455252918287944
-0.3521872712669318 0.5206611570247931
-0.8191923537227077 0.732394366197183
-0.7452520050938778 0.8999999999999997
