# Array shape: (10, 21, 2)
# Slice 0
-0.1661503994947283 0.3200000000000001
-0.08911891577454249 0.3340425531914887
-0.10681106053719687 0.32609875203472694
-0.05759829227350531 0.3343949044585991
-0.08714658258418449 0.26239669421487627
0.027455162345456422 0.29679869777536605
0.13466430975550925 0.2999999999999999
0.24624324749429732 0.3349950149551341
0.1607944581836344 0.33122696155871495
0.26314889411016057 0.31919406150583235
0.14559467957243805 -0.14285714285714285
0.15382355383273055 0.30769230769230765
0.10832327222424093 -2.0816681711721685e-17
0.20637336800162737 0.39473684210526316
0.14969916138161374 0.35714285714285715
0.07448329143191629 0.2666666666666666
0.07912611198325484 0.4090909090909092
-0.5593758295625942 0.6874999999999999
-0.893560515873016 0.5769230769230768
-0.6703442790449513 0.7142857142857143
-0.8698700680272109 1.0
# Slice 1
-0.2854427456812575 0.24875621890547267
-0.1835230772975447 0.2574786324786322
-0.034374083792312486 0.25080042689434423
-0.00733612334166534 0.2923420905533819
0.005191092769521198 0.23203087313072807
0.10548351955741361 0.27945776850886256
0.08411884064771925 0.2529999999999995
0.16611188581522446 0.2766839378238333
0.17634902972024388 0.2861702127659572
0.23068801685544568 0.24007330482590056
-0.1275263466060511 0.19999999999999996
0.27454590202154927 0.11111111111111113
0.19920918042957864 0.22222222222222227
0.14298183784939641 4.163336342344337e-17
-0.24002577862882868 0.36363636363636376
-0.5646754481831077 0.30434782608695665
-0.14816454703427076 0.5737704918032785
-0.40751007026748975 0.4126984126984125
-0.30294115914570835 0.5625
-0.6937965192061052 0.8837209302325579
-1.0 1.0
# Slice 2
-0.22673933223077006 0.1663991439272339
-0.21556870656318056 0.22892819979188325
-0.16953052177300265 0.1837398373983738
-0.11146495648715064 0.23556463975472638
-0.026090657077242792 0.16850393700787422
-0.0629110833102217 0.2124863088718512
-0.022021852794969606 0.22523461939520323
-0.04468358415517048 0.22982005141388206
-0.05907088578126059 0.19773429454170938
0.15076486508138645 0.1859649122807017
-0.13683244763214092 0.13924050632911394
0.011773945339490607 0.2164948453608247
-0.27961387784116454 0.22500000000000003
-0.16027328943560146 0.0588235294117647
-0.14388024492592422 0.1780821917808219
0.00869855241997116 0.24999999999999994
-0.1353351158653068 0.2941176470588236
-0.4913821138211382 0.4516129032258065
-0.1318207442067736 0.6521739130434784
-0.655909090909091 0.7
-0.7793712313685637 1.0
# Slice 3
-0.2055378377912065 0.13526807673389088
-0.1361167210268958 0.11773778920308485
-0.16624022413668715 0.12372188139059298
-0.10232505395651878 0.1718749999999999
-0.09432594848635109 0.12575452716297805
0.0233842537100792 0.15283400809716607
0.013025493626565035 0.15546639919759267
0.11856468456997757 0.1255627813906954
0.03544222949088742 0.17671092951991793
0.34333826509399984 0.09316770186335402
0.30329497722176646 0.1851851851851852
0.1090146497244007 0.14
0.028463163177906838 0.17977528089887634
-0.12387022530920339 0.22222222222222224
-0.08660536247740724 0.1709844559585491
-0.3382389176134575 0.20987654320987648
-0.29880073376975924 0.2215568862275449
-0.3201519865563584 0.4424242424242422
-0.2746431187552932 0.6967741935483873
-0.10252212377674694 0.7328244274809154
-0.3533640712568173 0.9374999999999999
# Slice 4
-0.2866333588278106 0.13180661577608155
-0.2534817035143202 0.11752577319587634
-0.16927709189938783 0.1327345309381236
-0.1636274109281979 0.13696456901110501
-0.10807996289248337 0.15584415584415628
-0.039170502170574696 0.08478964401294502
0.002267789006910017 0.0796915167095115
0.0388191451808072 0.06724244293645894
0.06502788339165108 0.1306187202538339
0.06797197460548926 0.11011459890383654
0.18040127911587356 0.10714285714285715
-0.02592421037653907 0.1587301587301587
0.10382604914257082 0.1948051948051948
-0.03419102643994105 0.0476190476190476
-0.21402773577571757 0.09090909090909091
-0.23293175837453253 0.20338983050847448
-0.12916856792831624 0.2763157894736843
-0.15596057093511845 0.47887323943661986
-0.7857142857142857 0.6829268292682924
-0.6577090229759206 0.7727272727272727
-0.5474723193473194 0.9444444444444444
# Slice 5
-0.3043207377523701 0.07181719260065268
-0.3355422847491887 0.10892116182572607
-0.1343794746800017 0.05888376856118797
-0.196080817111773 0.051652892561983424
-0.12446692044975619 0.049095607235142176
-0.2179844028587999 0.07716870675891445
-0.16316229050929265 0.10380267214799598
0.03134727271214477 0.0661241098677519
-0.0665968747508024 0.044628099173553766
-0.03783360307906882 -0.01548672566371684
0.013028219543392472 0.06896551724137932
-0.16413196384959283 -0.039215686274509796
-0.2574146239761274 0.009345794392523405
-0.24963383101722128 -0.46153846153846156
-0.2516140137204403 0.2835820895522389
-0.42138202547026304 0.20512820512820518
-0.39301480742654327 0.12162162162162161
-0.3464455412149112 0.2830188679245284
-0.6800181185355366 0.43181818181818177
-0.8724519230769231 0.6285714285714286
-0.8166666666666667 0.8461538461538461
# Slice 6
-0.4168839211705023 -0.07847082494969816
-0.29571205069043344 -0.01122448979591839
-0.27857658090665033 0.003838771593090172
-0.26563606870921896 -0.02546523016650341
-0.25781410283796563 -0.014492753623188356
-0.16764049087918487 -0.08154020385050965
-0.1539062714458329 -0.017126546146527144
-0.14160808895837115 -0.026011560693641658
-0.12812428770010217 -0.03191489361702134
0.20502459334464193 -0.023933402705515076
-0.12169362683004743 0.06024096385542172
-0.02340995266369738 -0.11258278145695365
-0.15373054270672626 0.03349282296650722
-0.18893477432263003 -0.03636363636363636
-0.15719768367183304 2.2551405187698492e-17
-0.4631230441123732 -0.10734463276836163
-0.5655966338541283 0.25517241379310346
-0.7057994986420236 0.4657534246575342
-0.33846045549112685 0.5039999999999999
-0.4872382975165329 0.8155339805825244
-0.9494689827910988 0.8749999999999999
# Slice 7
-0.4300723461794819 -0.0966735966735967
-0.4107250545444985 -0.09214354995150337
-0.3034020280218062 -0.10941475826972014
-0.2957536884821788 -0.10909090909090925
-0.22843975806771025 -0.10313901345291474
-0.2678135441086761 -0.13056680161943318
-0.2879740449276785 -0.162120432321153
-0.18998496110856497 -0.10160965794768605
-0.14802802198776188 -0.0985365853658536
-0.030442495422600226 -0.16402116402116396
-0.18806010970704679 -0.07109004739336493
0.0045549369543170706 -0.15555555555555559
-0.0932478283773804 -0.16666666666666669
-0.22265913069975657 -0.12707182320441987
-0.14718528656576177 -0.17073170731707318
-0.47070990907910176 -0.1550802139037433
-0.36549911236353233 -0.01117318435754187
-0.2781229554660188 0.42168674698795183
-0.5919988899379357 0.6340206185567006
-0.4422749737848649 0.7594936708860759
-0.4334577825610365 0.9062499999999998
# Slice 8
-0.4071544094048894 -0.1868244981986621
-0.47332709193996025 -0.197916666666667
-0.40627539228315085 -0.16666666666666646
-0.3557571734228766 -0.1989949748743716
-0.36300334451923494 -0.22626988199076445
-0.37294961079801736 -0.16957364341085288
-0.2625988435178341 -0.21765295887662975
-0.27858572217461963 -0.16531440162271813
-0.2660357982673485 -0.1851489985344407
-0.0675932667522853 -0.17322834645669286
0.026948409941379554 -0.1891891891891892
-0.06960847726136687 -0.2272727272727273
-0.07227602996956183 -0.47368421052631576
-0.18735599430352168 -0.4838709677419355
-0.2592554546211166 -0.2941176470588235
-0.29772826543189657 -0.4399999999999999
-0.36595722971751254 -0.1352657004830918
-0.3453041796401497 0.37755102040816324
-0.4071724068174661 0.6117647058823527
-0.6226824389289757 0.821917808219178
-0.47389811081009064 0.8709677419354839
# Slice 9
-0.546558611463058 -0.24976958525345644
-0.5344961519617799 -0.2853598014888339
-0.455472000819602 -0.2778065183652349
-0.4211036878916747 -0.3124147339699866
-0.4281410360549587 -0.2882324916626967
-0.3980642379719985 -0.2857142857142861
-0.3434493776516638 -0.40540540540540565
-0.3891498195939148 -0.2825794894760412
-0.22259433842105542 -0.32031249999999983
-0.12659558407115576 -0.25388601036269404
-0.11852851822116041 -0.3333333333333333
-0.07910120186616065 -0.29707112970711314
-0.1706224122913531 -0.39999999999999997
-0.30269671842544 -0.28048780487804886
-0.3037010832972208 -0.4054054054054055
-0.5150337821413017 -0.4279569892473118
-0.5213425314755793 -0.14549180327868846
-0.4595654764288292 0.21428571428571438
-0.562202842762035 0.4596577017114911
-0.8203181552783628 0.7100371747211894
-0.7336714119205382 0.9663865546218485
