# Array shape: (10, 21, 2)
# Slice 0
-0.08905262682428228 0.30078740157480294
-0.17123336003831127 0.2961287078934135
0.10548946367474983 0.29117797042325405
0.08566802771078828 0.32895401718039413
-0.06454202096579365 0.3142282554047265
-0.097159583725483 0.2891918208373903
-0.19284542115690087 0.2944136889783595
-0.07347206535297246 0.3210821847881573
0.3171483519273652 0.33078602620087344
0.5280232707746847 0.23388581952117887
0.14095614427942155 0.3224043715846996
0.3320557976307321 0.15789473684210525
0.19299035324573255 0.43915343915343924
-0.006517433072860339 0.42514970059880247
0.058859353311095035 0.29559748427672955
0.05026978689359019 0.24657534246575333
-0.22014746323682188 0.3664122137404579
-0.3078788112250643 0.5931034482758618
-0.23873782566532975 0.6826923076923073
0.22358347352555813 0.758064516129032
-0.1800039024696685 1.0
# Slice 1
-0.22151661130987402 0.27684210526315767
-0.09629630176327166 0.23955579058699122
-0.16075459673295017 0.2441266598569968
0.1810177375315097 0.24421052631578946
-0.01794467169629461 0.25948717948717864
0.0723771521364158 0.2296137339055793
0.05906891643107276 0.2708653353814644
0.24334763923133135 0.26310217046056134
-0.08775713273737512 0.26499231163505865
0.12260789564934646 0.2580037664783426
-0.04956082660823676 0.18248175182481757
-0.03157138407202017 0.19658119658119658
-0.19287171477490458 0.12643678160919541
-0.2225208920680391 0.40186915887850455
0.0389718425851084 0.36470588235294127
-0.4391863269673222 0.18032786885245905
0.1781778020414128 0.5769230769230768
-0.4379747957137501 0.11764705882352941
-0.7173179694649603 0.8205128205128205
-0.6849999999999999 0.8181818181818179
-0.7509433962264151 0.8333333333333334
# Slice 2
-0.2377127885768134 0.20694789081885898
-0.2959341261599993 0.1987545407368971
-0.017113027281810814 0.2124560522350579
-0.08352642927429996 0.1943720687858259
-0.06201414050171206 0.25409836065573765
-0.4283135535427949 0.20321931589537195
-0.06069817036879938 0.21006676938880287
0.1655230253089319 0.1958005249343833
0.1404216850903603 0.18251928020565575
0.3896259211849146 0.16167664670658666
0.31100611458246413 0.08196721311475408
0.21422007859577472 0.14074074074074075
0.2317530146988955 -0.02222222222222223
-0.15547311332802574 0.17514124293785321
-0.06378540892359463 0.2275132275132276
-0.4252367231110299 0.14634146341463417
-0.0579471584112327 0.35260115606936415
-0.050404075197272594 0.5027322404371585
-0.3276564140156977 0.7666666666666663
-0.481699575636525 0.7532467532467538
-0.5507091976492371 0.9743589743589741
# Slice 3
-0.31673031332746243 0.17409766454352446
-0.27887459692851857 0.15481171548117173
-0.41558150735634725 0.16752843846949297
-0.021186808488263886 0.13504647348277768
-0.11217572040104559 0.15573770491803324
-0.029050913434522492 0.1839837810440953
-0.2045218805888571 0.1180942726811962
-0.2310649361866246 0.1323529411764704
0.09421782094653182 0.13733267228557255
0.04071638752858848 0.1327300150829562
0.4594727863660799 -0.14285714285714285
0.18696987338557333 0.19379844961240308
-0.00844651052152632 -0.05263157894736843
0.022970854086977154 0.2212389380530973
-0.38286145933223487 0.10679611650485436
-0.1435072919847339 0.10344827586206905
-0.1109347903727017 0.2828282828282829
-0.5139424366803685 0.46753246753246736
-0.3479909404253132 0.6
-0.5664767120887704 0.8059701492537313
-0.610802057218361 1.0
# Slice 4
-0.2560053875183408 0.08077123501823869
-0.22431220661116488 0.13361169102296488
-0.15865157417822634 0.14255654918463967
-0.33786603853151026 0.06358974358974348
-0.5251275672144247 0.08894601542416417
-0.17389248077936081 0.14459049544994906
0.009372965131516475 0.14519650655021824
-0.000568155278963603 0.11910795742524065
0.03891118545771094 0.0840932117527862
0.009672771818166214 0.12004405286343614
-0.3027188238527658 0.12903225806451613
0.13923597199695614 -0.11111111111111112
-0.3850584962866641 0.05154639175257731
-0.21521490647425134 0.2564102564102564
-0.09498094474469249 -0.13043478260869562
-0.3312824258950333 0.2542372881355933
-0.33498916307558857 0.0
-0.1496689812185779 0.3142857142857142
-0.6822356579722428 0.56
-0.010027913666209587 0.9444444444444443
-0.9553846153846154 1.0
# Slice 5
-0.36050019934208966 0.09168443496801697
-0.3412861661824102 0.03759398496240597
-0.28181033157455504 0.05341880341880343
-0.27552780089850987 0.04073319755600818
-0.062314116331212845 0.07379679144385029
0.04783922319610679 0.1051051051051052
-0.19095413677610526 0.06186612576064895
-0.13217381812419107 0.08445400753093052
-0.20153655474538762 0.04947526236881564
-0.04585913822763385 0.0895596239485402
0.053173602973684606 -0.16279069767441862
-0.004410519493249401 0.0721649484536083
-0.25085127404494323 0.18095238095238098
-0.08814635587620476 0.09090909090909091
-0.14883476701655945 0.03529411764705882
-0.4742747871680591 0.030303030303030318
-0.2999880625061783 0.23214285714285715
-0.3483044996647385 -0.038461538461538484
-0.24775862036030966 0.8148148148148149
-0.3031818585545127 0.8499999999999999
-1.0 1.0
# Slice 6
-0.2969918653596689 -0.01757910597689607
-0.41025431917087246 -0.03118279569892471
-0.37013623246188504 -0.0324574961360124
-0.3112062858527929 -0.01253918495297807
-0.0630028806370941 -0.03638253638253632
-0.03232645963796263 0.007760532150776062
-0.32808647621803594 -0.03959899749373436
-0.2542691145484594 6.179952383167375e-18
-0.41249005239986425 -0.034243176178660024
0.29569318407107925 -0.03843807199511902
0.6395519392152416 -0.047619047619047596
-0.22318871455940703 0.1320754716981132
-0.5085041322463657 -0.09090909090909091
-0.29730262229032467 0.01694915254237288
0.04306343612852169 0.07692307692307693
-0.16787575187369885 -0.3043478260869565
-0.5197457957117059 0.234567901234568
-0.11917827292595568 0.5072463768115942
-0.397449831622027 0.5357142857142858
-0.8620718330308949 0.95
-0.3871667030148127 0.7500000000000001
# Slice 7
-0.4297049053800474 -0.14747264200104238
-0.4241843126477169 -0.0690690690690691
-0.33697549139550825 -0.14989733059548263
-0.40162484491985434 -0.16862745098039242
-0.2808017246412583 -0.1104387291981844
-0.20564808674736584 -0.10753246753246767
-0.38260079469069785 -0.10985043837029386
-0.38391691028521024 -0.09778225806451595
-0.29322472252043874 -0.13185024416711888
-0.36018354857067597 -0.0819999999999999
0.17666722263606466 -0.1875
0.14261009552826237 2.0816681711721685e-17
-0.17638578432150015 -0.5
-0.2589750271268205 -0.0989010989010989
-0.11092502842643807 -0.36
-0.2580435097169281 1.3877787807814457e-17
-0.4119576021426376 0.11111111111111112
-0.46528799173671104 0.3384615384615385
-0.6420906747752578 0.6428571428571428
-0.7410367806857823 0.8275862068965518
-0.6277087833384531 0.9130434782608693
# Slice 8
-0.4393288600280126 -0.2330255296034764
-0.4031122586399098 -0.17877984084880608
-0.5239979561029998 -0.13904338153503898
-0.4755712471002253 -0.23617571059431525
-0.3877630763948281 -0.20268872802481933
-0.4564959718999688 -0.17574511819116173
-0.31295038498702343 -0.19396984924623137
-0.18853133497725566 -0.17926089354660757
-0.2826603935114577 -0.16018191005558371
-0.2058946890897531 -0.19999999999999993
-0.26511559519417743 -0.2631578947368421
0.004069346342896504 -0.05555555555555558
-0.3645654851534522 -0.2478632478632479
-0.12253858619664347 -0.11111111111111112
-1.0571089970816447 -0.2542372881355933
0.1041769492191106 -0.7333333333333334
-0.5022704644446687 -0.03389830508474576
-0.06600498173133171 0.28846153846153855
-0.6317406663876016 0.5333333333333334
-0.6 0.804878048780488
-0.7452952337313148 1.0
# Slice 9
-0.453270784946218 -0.31322751322751313
-0.48460622083631355 -0.3056410256410255
-0.4786288848865076 -0.31963223363980453
-0.5363985961741746 -0.31748390292223877
-0.5719048379897556 -0.3304994686503717
-0.3465545560873416 -0.3027108433734945
-0.4142585514654406 -0.2899224806201549
-0.3300789572537835 -0.29243353783231124
-0.45426610498086756 -0.29646238166417477
-0.29372969495717016 -0.2821948488241884
-0.23303081996681632 -0.3055555555555555
-0.5753485160550642 -0.19496855345911945
0.048272939372117116 -0.3333333333333333
-0.5048833458219066 -0.33846153846153854
-0.7112454000442571 -0.17910447761194026
-0.6505424281733704 -0.30263157894736836
-0.2860837118075943 -0.28947368421052627
-0.7316095184686784 0.31081081081081074
-0.313185408096169 0.35294117647058837
-0.3323219958372248 0.6923076923076923
-1.0 0.8888888888888888
