# Array shape: (10, 21, 2)
# Slice 0
-0.13305788954946796 0.3554748313440583
-0.12476164266522 0.29863013698630053
-0.026679502027784522 0.3709071390230816
-0.04745229548785016 0.3038316243928763
0.051912810272477204 0.35240040858018373
0.09454194111141989 0.29526748971193456
0.06113967863211246 0.3288590604026851
0.1842132546678759 0.28112033195020764
0.2785346943103027 0.31246739697443987
0.27152359129208564 0.3499491353001016
0.009954682339342588 0.3846153846153845
0.087101337011731 0.2894736842105263
0.030376237349411733 0.13846153846153847
-0.12187329034481567 0.5625
-0.23490400195428807 0.3333333333333333
-0.40070918667772787 0.5918367346938774
-0.3654917664855829 0.42105263157894735
-0.4870659890597881 0.6842105263157894
-0.6876239630106017 0.8214285714285715
0.06565580708471282 0.7
-1.0 1.0
# Slice 1
-0.16988613288617213 0.27575442247658705
-0.17537346279678687 0.2706493506493507
-0.10817702487473474 0.27697441601779804
-0.05617770140931908 0.27798213347346207
-0.040257950432518806 0.22864450127877262
-0.004680434660240703 0.3007135575942919
0.044334869043747456 0.2501263264274878
0.031666821888462274 0.21990858303707453
0.16074607814640018 0.2633297062023943
0.24002509076151163 0.30241935483871
0.21511511221830765 0.0
-0.08799530430117689 0.29268292682926833
-0.2690732053699144 0.37313432835820903
-0.03725902649641896 0.3333333333333334
0.004357090646606629 0.36585365853658536
-0.25826250928521466 0.35714285714285715
-0.20102740790616525 0.49999999999999994
-0.1683246558175246 0.3888888888888888
-0.46212785804465084 0.9333333333333335
-0.5952461380344978 0.9473684210526314
-0.513417184370191 1.0
# Slice 2
-0.22576270191005285 0.2021447721179624
-0.24795287038474548 0.22352941176470603
-0.10892803545252602 0.24536532170119932
-0.1046424008038804 0.20549450549450562
-0.08585192598530109 0.20106951871657766
-0.0885675451221203 0.17153097798259054
0.03236587299254704 0.23036649214659657
0.10133318449549804 0.2010282776349618
0.1443698855878186 0.1936507936507933
0.16183144874115415 0.21911540416878486
0.15024852765286686 0.08196721311475418
0.03615972728617719 0.10869565217391301
-0.020047910209092093 -0.1111111111111111
-0.06270830414344766 0.14285714285714285
-0.2316680755081266 0.37500000000000017
-0.21361862603896753 0.34482758620689646
-0.6380337367989806 0.25000000000000006
-0.15966483516483518 0.18181818181818182
-0.2292538242320592 0.6562499999999999
-0.7679942145750259 1.0
-0.7183066003971166 0.8888888888888888
# Slice 3
-0.23068521917534276 0.1347736625514404
-0.2220554079042551 0.13775510204081615
-0.13944819425826163 0.13782696177062345
-0.13754406286380144 0.13745019920318716
-0.1683731013480701 0.12951807228915668
-0.0718593201282765 0.17255504352278514
0.002870724633692012 0.1495844875346261
0.022646262638717555 0.15192965315095278
0.10220889286934685 0.18856034900630186
0.1951042573764288 0.05405405405405404
0.15471636828210233 0.22267206477732773
0.030902696945074245 0.14509803921568634
-0.08469853738651599 0.15481171548117148
-0.05250698109300302 0.08247422680412375
-0.08852385686463134 0.23404255319148945
-0.0756315096923024 0.1840796019900497
-0.16934698675786636 0.3563829787234042
-0.5024073711499462 0.39230769230769225
-0.6872607220697994 0.6918238993710691
-0.5272188160037354 0.7482014388489207
-0.42471717586453234 1.0
# Slice 4
-0.18726709617305157 0.16606311433005722
-0.30524612329558626 0.1089613034623219
-0.24807992931377967 0.11738035264483626
-0.2177921644802899 0.10197869101978699
-0.09479272224740751 0.13559322033898263
-0.17867075190533588 0.16480000000000003
-0.11939276654693955 0.10829268292682918
-0.17093904099558554 0.11179173047473194
-0.0315616584040754 0.10575504181013286
0.1816263758799118 0.043062200956937795
-0.05154171276510485 0.014778325123152743
0.08842915907004487 -0.12499999999999997
-0.2950211300522177 0.043010752688172046
-0.3752333974531787 0.09947643979057591
-0.376881047186105 0.15789473684210523
-0.1841819974764913 0.03529411764705883
-0.6367784254562695 0.2684563758389261
-0.4385053500812544 0.3551401869158877
-0.5125421728595536 0.5231788079470198
-0.4465493228168743 0.8455284552845528
-0.5382604962528805 0.857142857142857
# Slice 5
-0.3911562548192201 0.03478686918177357
-0.2587872359311554 0.05209397344228804
-0.3045612812457387 0.04935622317596573
-0.2070441817920386 0.06542056074766343
-0.1598624879565423 0.05486044273339755
-0.13399143272719216 0.047334329845540694
-0.08689640334122381 0.07675438596491221
0.013554580463410437 -0.07920792079207924
0.017299972997791596 0.07265774378585094
0.10933843453341693 -0.07428571428571429
0.10014820800806797 0.1542857142857141
0.08224785107113165 -0.04545454545454542
0.02101063178341814 0.101123595505618
-0.21254685802672663 0.011428571428571404
-0.21078733615459813 0.08235294117647064
-0.24540038207002543 0.10759493670886076
-0.41646571147773076 0.1835443037974683
-0.5405239157213354 0.34628975265017653
-0.5845919987726452 0.5499999999999998
-0.7510506836051072 0.7513812154696132
-0.5276597614374342 0.9032258064516127
# Slice 6
-0.3251648374331619 -0.047802993722839256
-0.29559615351029117 -0.03007159904534605
-0.2696497122033088 -0.017578124999999986
-0.27870795786290575 -0.03957010258915482
-0.23417625853417046 -0.05019685039370081
-0.13151767863984584 -0.023054755043227706
-0.1617496454915959 -0.009398496240601472
-0.1003771167683831 -0.00614076523382142
0.002147416785302628 -0.010033444816053541
0.08589030429112658 -0.1794871794871795
0.13180300199986575 0.01960784313725491
0.06665449240386395 -3.469446951953614e-18
-0.007354208879514008 -0.0666666666666667
-0.13748149349284322 0.0026954177897574143
-0.17981643701785222 -0.07514450867052021
-0.33051840766794516 0.03048780487804877
-0.3961238600287442 0.1213114754098361
-0.21429247059190604 0.45921450151057364
-0.5237501876606724 0.5604026845637585
-0.46855901271480516 0.7857142857142858
-0.5791051435969923 0.9393939393939392
# Slice 7
-0.4456850633538638 -0.09144834404349966
-0.4267718706295008 -0.11587147030185
-0.42857743690121886 -0.10684161199625114
-0.3807771486292388 -0.11595547309833032
-0.3346950325930798 -0.1332955190017018
-0.24910030446605597 -0.2727272727272727
-0.26516013637008967 -0.12569237324243693
-0.18132179103874088 -0.08982035928143711
-0.08697267195608888 -0.1074380165289256
-0.004501069836370973 -0.1620111731843576
0.005221940986884879 -0.19101123595505615
-0.029408524762517287 -0.2
-0.11066889877347962 -0.1851851851851851
-0.14158129620591886 -0.2156862745098038
-0.2669059860186672 -0.1103074141048824
-0.2943066948826445 -0.08688245315161844
-0.36970957416649053 0.07726269315673294
-0.3867749518132171 0.40350877192982476
-0.5347649792277567 0.6246913580246912
-0.6551618011046674 0.781609195402299
-0.7345804367559984 0.9230769230769228
# Slice 8
-0.46124421717523056 -0.20166512488436641
-0.46611536926858993 -0.2216704288939053
-0.43526340482987796 -0.19565217391304354
-0.3685479391346304 -0.2272120942641173
-0.3351674454037268 -0.17821350762527183
-0.28018280327207995 -0.18351409978307975
-0.271227421190823 -0.33568904593639565
-0.20457522281579502 -0.22870813397129203
-0.131517652521986 -0.27777777777777757
-0.05763975267351826 -0.2884615384615384
-0.01119113111502708 -0.1578947368421053
-0.05052446339034076 -0.12765957446808512
-0.09584957661650644 -0.31249999999999994
-0.13925453502708404 -0.15879828326180262
-0.20313787633898897 -0.38888888888888895
-0.27857725667338457 -0.30894308943089427
-0.39053477296379074 -0.04161073825503353
-0.3923297824410434 0.290178571428571
-0.5032541244225197 0.6231884057971018
-0.6079302924957467 0.7315270935960595
-0.7087222913045405 0.9117647058823521
# Slice 9
-0.545118218063046 -0.28578313253012066
-0.47096668418443133 -0.3101851851851857
-0.47466989666120607 -0.28207503473830514
-0.4355273708133608 -0.33016175071360604
-0.43433773450761365 -0.2757009345794395
-0.35502721810426774 -0.28099910793933985
-0.3454213218780542 -0.29949702789208993
-0.27709823676494755 -0.35099337748344356
-0.21112578372905969 -0.282258064516129
-0.1149998113540995 -0.30810810810810807
-0.07140557209616712 -0.16666666666666663
-0.14109977214134792 -0.31578947368421045
-0.20715313366351812 -0.30973451327433615
-0.20383073570956126 -0.27102803738317766
-0.43984168296087456 -0.3113553113553115
-0.42398936633522405 -0.29941291585127205
-0.46318500209727065 -0.12180746561886056
-0.3351466017964061 0.23234200743494426
-0.5109721401844065 0.4378109452736315
-0.7850880864465756 0.7453874538745384
-0.72846591633198 0.9259259259259258
